252
0.364416027907
0.839162952267
0.403740632272
0.659046753775
0.741815371905
0.123965036782
0.585553996265
0.731343352236
0.349661863232
0.679618729744
0.555611950811
0.478971546438
0.525731112119
0.850650808352
0.000000000000
0.000000000000
0.525731112119
-0.850650808352
-0.525731112119
0.850650808352
0.000000000000
0.000000000000
0.525731112119
0.850650808352
0.850650808352
0.000000000000
0.525731112119
-0.850650808352
0.000000000000
0.525731112119
0.000000000000
-0.525731112119
0.850650808352
-0.850650808352
0.000000000000
-0.525731112119
-0.525731112119
-0.850650808352
0.000000000000
0.850650808352
0.000000000000
-0.525731112119
0.525731112119
-0.850650808352
0.000000000000
0.000000000000
-0.525731112119
-0.850650808352
0.403740632174
0.364416027652
-0.839162952425
0.000000001184
0.334502077164
-0.942395012918
0.216102916071
0.235892133096
-0.947446268244
0.219380291097
0.000000000079
-0.975639425135
-0.364416027907
0.839162952267
-0.403740632272
-0.659046753775
0.741815371905
-0.123965036782
-0.585553996265
0.731343352236
-0.349661863232
-0.679618729744
0.555611950811
-0.478971546438
-0.403740632174
0.364416027652
0.839162952425
-0.000000001184
0.334502077164
0.942395012918
-0.216102916071
0.235892133096
0.947446268244
-0.219380291097
0.000000000079
0.975639425135
0.768156660082
0.589637518944
0.249525433225
0.659046754960
0.741815371173
-0.123965034866
0.801656912336
0.597784405036
0.000000000039
0.898999020841
0.420027474451
-0.124006778982
-0.114890594426
0.993378151216
-0.000000000158
-0.458467112030
0.865780407955
-0.200579641014
-0.235892133057
0.947446268268
-0.216102916008
-0.124006779060
0.898999020889
-0.420027474324
-0.249525433481
0.768156659924
0.589637519041
-0.200579641746
0.458467113946
0.865780406770
-0.349661863208
0.585553996328
0.731343352197
-0.555611950684
0.478971546516
0.679618729793
0.589637519041
-0.249525433481
0.768156659924
0.865780406770
-0.200579641746
0.458467113946
0.731343352197
-0.349661863208
0.585553996328
0.679618729793
-0.555611950684
0.478971546516
-0.993378151216
-0.000000000158
0.114890594426
-0.865780407955
-0.200579641014
0.458467112030
-0.947446268268
-0.216102916008
0.235892133057
-0.898999020889
-0.420027474324
0.124006779060
0.768156659924
0.589637519041
-0.249525433481
0.458467113946
0.865780406770
-0.200579641746
0.585553996328
0.731343352197
-0.349661863208
0.478971546516
0.679618729793
-0.555611950684
0.249525433225
0.768156660082
0.589637518944
-0.123965034866
0.659046754960
0.741815371173
0.000000000039
0.801656912336
0.597784405036
-0.124006778982
0.898999020841
0.420027474451
-0.403740632272
-0.364416027907
0.839162952267
-0.123965036782
-0.659046753775
0.741815371905
-0.349661863232
-0.585553996265
0.731343352236
-0.478971546438
-0.679618729744
0.555611950811
0.839162952425
-0.403740632174
0.364416027652
0.942395012918
-0.000000001184
0.334502077164
0.947446268244
-0.216102916071
0.235892133096
0.975639425135
-0.219380291097
0.000000000079
0.403740632272
0.364416027907
0.839162952267
0.123965036782
0.659046753775
0.741815371905
0.349661863232
0.585553996265
0.731343352236
0.478971546438
0.679618729744
0.555611950811
-0.000000000158
-0.114890594426
0.993378151216
-0.200579641014
-0.458467112030
0.865780407955
-0.216102916008
-0.235892133057
0.947446268268
-0.420027474324
-0.124006779060
0.898999020889
0.000000000158
0.114890594426
0.993378151216
0.200579641014
0.458467112030
0.865780407955
0.216102916008
0.235892133057
0.947446268268
0.420027474324
0.124006779060
0.898999020889
-0.364416027652
0.839162952425
0.403740632174
-0.334502077164
0.942395012918
0.000000001184
-0.235892133096
0.947446268244
0.216102916071
-0.000000000079
0.975639425135
0.219380291097
-0.589637518944
0.249525433225
-0.768156660082
-0.741815371173
-0.123965034866
-0.659046754960
-0.597784405036
0.000000000039
-0.801656912336
-0.420027474451
-0.124006778982
-0.898999020841
-0.839162952267
-0.403740632272
0.364416027907
-0.741815371905
-0.123965036782
0.659046753775
-0.731343352236
-0.349661863232
0.585553996265
-0.555611950811
-0.478971546438
0.679618729744
-0.768156659924
0.589637519041
0.249525433481
-0.458467113946
0.865780406770
0.200579641746
-0.585553996328
0.731343352197
0.349661863208
-0.478971546516
0.679618729793
0.555611950684
-0.839162952267
0.403740632272
-0.364416027907
-0.741815371905
0.123965036782
-0.659046753775
-0.731343352236
0.349661863232
-0.585553996265
-0.555611950811
0.478971546438
-0.679618729744
-0.364416027652
-0.839162952425
-0.403740632174
-0.334502077164
-0.942395012918
-0.000000001184
-0.235892133096
-0.947446268244
-0.216102916071
-0.000000000079
-0.975639425135
-0.219380291097
0.589637518944
0.249525433225
0.768156660082
0.741815371173
-0.123965034866
0.659046754960
0.597784405036
0.000000000039
0.801656912336
0.420027474451
-0.124006778982
0.898999020841
0.839162952267
-0.403740632272
-0.364416027907
0.741815371905
-0.123965036782
-0.659046753775
0.731343352236
-0.349661863232
-0.585553996265
0.555611950811
-0.478971546438
-0.679618729744
0.364416027652
0.839162952425
-0.403740632174
0.334502077164
0.942395012918
-0.000000001184
0.235892133096
0.947446268244
-0.216102916071
0.000000000079
0.975639425135
-0.219380291097
0.839162952267
0.403740632272
0.364416027907
0.741815371905
0.123965036782
0.659046753775
0.731343352236
0.349661863232
0.585553996265
0.555611950811
0.478971546438
0.679618729744
0.993378151216
-0.000000000158
-0.114890594426
0.865780407955
-0.200579641014
-0.458467112030
0.947446268268
-0.216102916008
-0.235892133057
0.898999020889
-0.420027474324
-0.124006779060
-0.000000000158
0.114890594426
-0.993378151216
-0.200579641014
0.458467112030
-0.865780407955
-0.216102916008
0.235892133057
-0.947446268268
-0.420027474324
0.124006779060
-0.898999020889
0.364416027652
-0.839162952425
0.403740632174
0.334502077164
-0.942395012918
0.000000001184
0.235892133096
-0.947446268244
0.216102916071
0.000000000079
-0.975639425135
0.219380291097
-0.839162952425
0.403740632174
0.364416027652
-0.942395012918
0.000000001184
0.334502077164
-0.947446268244
0.216102916071
0.235892133096
-0.975639425135
0.219380291097
0.000000000079
-0.249525433225
-0.768156660082
0.589637518944
0.123965034866
-0.659046754960
0.741815371173
-0.000000000039
-0.801656912336
0.597784405036
0.124006778982
-0.898999020841
0.420027474451
-0.589637519041
0.249525433481
0.768156659924
-0.865780406770
0.200579641746
0.458467113946
-0.731343352197
0.349661863208
0.585553996328
-0.679618729793
0.555611950684
0.478971546516
-0.768156659924
-0.589637519041
-0.249525433481
-0.458467113946
-0.865780406770
-0.200579641746
-0.585553996328
-0.731343352197
-0.349661863208
-0.478971546516
-0.679618729793
-0.555611950684
0.249525433481
-0.768156659924
0.589637519041
0.200579641746
-0.458467113946
0.865780406770
0.349661863208
-0.585553996328
0.731343352197
0.555611950684
-0.478971546516
0.679618729793
-0.589637518944
-0.249525433225
0.768156660082
-0.741815371173
0.123965034866
0.659046754960
-0.597784405036
-0.000000000039
0.801656912336
-0.420027474451
0.124006778982
0.898999020841
0.114890594426
-0.993378151216
-0.000000000158
0.458467112030
-0.865780407955
-0.200579641014
0.235892133057
-0.947446268268
-0.216102916008
0.124006779060
-0.898999020889
-0.420027474324
0.993378151216
0.000000000158
0.114890594426
0.865780407955
0.200579641014
0.458467112030
0.947446268268
0.216102916008
0.235892133057
0.898999020889
0.420027474324
0.124006779060
0.403740632174
-0.364416027652
0.839162952425
0.000000001184
-0.334502077164
0.942395012918
0.216102916071
-0.235892133096
0.947446268244
0.219380291097
-0.000000000079
0.975639425135
0.589637518944
-0.249525433225
-0.768156660082
0.741815371173
0.123965034866
-0.659046754960
0.597784405036
-0.000000000039
-0.801656912336
0.420027474451
0.124006778982
-0.898999020841
-0.768156660082
-0.589637518944
0.249525433225
-0.659046754960
-0.741815371173
-0.123965034866
-0.801656912336
-0.597784405036
0.000000000039
-0.898999020841
-0.420027474451
-0.124006778982
0.768156659924
-0.589637519041
0.249525433481
0.458467113946
-0.865780406770
0.200579641746
0.585553996328
-0.731343352197
0.349661863208
0.478971546516
-0.679618729793
0.555611950684
-0.249525433481
-0.768156659924
-0.589637519041
-0.200579641746
-0.458467113946
-0.865780406770
-0.349661863208
-0.585553996328
-0.731343352197
-0.555611950684
-0.478971546516
-0.679618729793
0.249525433481
0.768156659924
-0.589637519041
0.200579641746
0.458467113946
-0.865780406770
0.349661863208
0.585553996328
-0.731343352197
0.555611950684
0.478971546516
-0.679618729793
-0.589637519041
-0.249525433481
-0.768156659924
-0.865780406770
-0.200579641746
-0.458467113946
-0.731343352197
-0.349661863208
-0.585553996328
-0.679618729793
-0.555611950684
-0.478971546516
-0.768156660082
0.589637518944
-0.249525433225
-0.659046754960
0.741815371173
0.123965034866
-0.801656912336
0.597784405036
-0.000000000039
-0.898999020841
0.420027474451
0.124006778982
-0.249525433225
0.768156660082
-0.589637518944
0.123965034866
0.659046754960
-0.741815371173
-0.000000000039
0.801656912336
-0.597784405036
0.124006778982
0.898999020841
-0.420027474451
0.403740632272
-0.364416027907
-0.839162952267
0.123965036782
-0.659046753775
-0.741815371905
0.349661863232
-0.585553996265
-0.731343352236
0.478971546438
-0.679618729744
-0.555611950811
-0.839162952425
-0.403740632174
-0.364416027652
-0.942395012918
-0.000000001184
-0.334502077164
-0.947446268244
-0.216102916071
-0.235892133096
-0.975639425135
-0.219380291097
-0.000000000079
-0.403740632272
0.364416027907
-0.839162952267
-0.123965036782
0.659046753775
-0.741815371905
-0.349661863232
0.585553996265
-0.731343352236
-0.478971546438
0.679618729744
-0.555611950811
0.839162952425
0.403740632174
-0.364416027652
0.942395012918
0.000000001184
-0.334502077164
0.947446268244
0.216102916071
-0.235892133096
0.975639425135
0.219380291097
-0.000000000079
0.249525433225
-0.768156660082
-0.589637518944
-0.123965034866
-0.659046754960
-0.741815371173
0.000000000039
-0.801656912336
-0.597784405036
-0.124006778982
-0.898999020841
-0.420027474451
0.589637519041
0.249525433481
-0.768156659924
0.865780406770
0.200579641746
-0.458467113946
0.731343352197
0.349661863208
-0.585553996328
0.679618729793
0.555611950684
-0.478971546516
-0.993378151216
0.000000000158
-0.114890594426
-0.865780407955
0.200579641014
-0.458467112030
-0.947446268268
0.216102916008
-0.235892133057
-0.898999020889
0.420027474324
-0.124006779060
0.000000000158
-0.114890594426
-0.993378151216
0.200579641014
-0.458467112030
-0.865780407955
0.216102916008
-0.235892133057
-0.947446268268
0.420027474324
-0.124006779060
-0.898999020889
0.364416027907
-0.839162952267
-0.403740632272
0.659046753775
-0.741815371905
-0.123965036782
0.585553996265
-0.731343352236
-0.349661863232
0.679618729744
-0.555611950811
-0.478971546438
-0.364416027907
-0.839162952267
0.403740632272
-0.659046753775
-0.741815371905
0.123965036782
-0.585553996265
-0.731343352236
0.349661863232
-0.679618729744
-0.555611950811
0.478971546438
-0.114890594426
-0.993378151216
0.000000000158
-0.458467112030
-0.865780407955
0.200579641014
-0.235892133057
-0.947446268268
0.216102916008
-0.124006779060
-0.898999020889
0.420027474324
0.114890594426
0.993378151216
0.000000000158
0.458467112030
0.865780407955
0.200579641014
0.235892133057
0.947446268268
0.216102916008
0.124006779060
0.898999020889
0.420027474324
-0.403740632174
-0.364416027652
-0.839162952425
-0.000000001184
-0.334502077164
-0.942395012918
-0.216102916071
-0.235892133096
-0.947446268244
-0.219380291097
-0.000000000079
-0.975639425135
0.768156660082
-0.589637518944
-0.249525433225
0.659046754960
-0.741815371173
0.123965034866
0.801656912336
-0.597784405036
-0.000000000039
0.898999020841
-0.420027474451
0.124006778982