482
0.688129068818
0.708950304426
0.154492234438
0.559208300896
0.816664762795
0.142634993666
0.451555825770
0.795651677065
0.403776850497
0.580975748133
0.760011401493
0.291289975251
0.706045729108
0.638368267100
0.306570357288
0.452377190348
0.703397249803
0.548258321070
0.587717727758
0.680143192876
0.438170183448
0.525731112119
0.850650808352
0.000000000000
0.000000000000
0.525731112119
-0.850650808352
-0.525731112119
0.850650808352
0.000000000000
0.000000000000
0.525731112119
0.850650808352
0.850650808352
0.000000000000
0.525731112119
-0.850650808352
0.000000000000
0.525731112119
0.000000000000
-0.525731112119
0.850650808352
-0.850650808352
0.000000000000
-0.525731112119
-0.525731112119
-0.850650808352
0.000000000000
0.850650808352
0.000000000000
-0.525731112119
0.525731112119
-0.850650808352
0.000000000000
0.000000000000
-0.525731112119
-0.850650808352
0.577350269190
0.577350269190
0.577350269190
0.356822089773
0.000000000000
-0.934172358963
-0.577350269190
0.577350269190
-0.577350269190
-0.356822089773
0.000000000000
0.934172358963
0.934172358963
0.356822089773
0.000000000000
0.000000000000
0.934172358963
-0.356822089773
-0.577350269190
0.577350269190
0.577350269190
0.577350269190
-0.577350269190
0.577350269190
-0.934172358963
-0.356822089773
0.000000000000
0.577350269190
0.577350269190
-0.577350269190
0.000000000000
0.934172358963
0.356822089773
-0.577350269190
-0.577350269190
0.577350269190
0.934172358963
-0.356822089773
0.000000000000
0.356822089773
0.000000000000
0.934172358963
-0.356822089773
0.000000000000
-0.934172358963
0.000000000000
-0.934172358963
-0.356822089773
0.577350269190
-0.577350269190
-0.577350269190
0.000000000000
-0.934172358963
0.356822089773
-0.934172358963
0.356822089773
0.000000000000
-0.577350269190
-0.577350269190
-0.577350269190
1.000000000000
0.000000000000
0.000000000000
-0.500000000000
-0.309016994375
-0.809016994375
-1.000000000000
0.000000000000
0.000000000000
0.500000000000
-0.309016994375
0.809016994375
0.500000000000
0.309016994375
-0.809016994375
-0.500000000000
0.309016994375
-0.809016994375
-0.500000000000
-0.309016994375
0.809016994375
0.809016994375
-0.500000000000
-0.309016994375
-0.309016994375
-0.809016994375
0.500000000000
-0.309016994375
0.809016994375
-0.500000000000
-0.809016994375
0.500000000000
0.309016994375
0.000000000000
-1.000000000000
0.000000000000
0.809016994375
0.500000000000
-0.309016994375
0.000000000000
1.000000000000
0.000000000000
-0.809016994375
-0.500000000000
0.309016994375
0.809016994375
0.500000000000
0.309016994375
0.309016994375
0.809016994375
-0.500000000000
-0.309016994375
-0.809016994375
-0.500000000000
0.000000000000
0.000000000000
1.000000000000
0.309016994375
0.809016994375
0.500000000000
0.000000000000
0.000000000000
-1.000000000000
0.309016994375
-0.809016994375
0.500000000000
-0.309016994375
0.809016994375
0.500000000000
0.309016994375
-0.809016994375
-0.500000000000
-0.809016994375
0.500000000000
-0.309016994375
-0.809016994375
-0.500000000000
-0.309016994375
0.809016994375
-0.500000000000
0.309016994375
0.500000000000
0.309016994375
0.809016994375
0.500000000000
-0.309016994375
-0.809016994375
-0.500000000000
0.309016994375
0.809016994375
0.000000000985
0.283663150641
-0.958923989151
0.088153273831
0.416573306603
-0.904818037253
0.346754310918
0.302268879028
-0.887916084228
0.180027105183
0.289685772608
-0.940038506949
0.092264407667
0.144985469010
-0.985122577578
0.434723407865
0.155138928667
-0.887100598279
0.270804066166
0.149547544148
-0.950947259204
-0.688129068818
0.708950304426
-0.154492234438
-0.559208300896
0.816664762795
-0.142634993666
-0.451555825770
0.795651677065
-0.403776850497
-0.580975748133
0.760011401493
-0.291289975251
-0.706045729108
0.638368267100
-0.306570357288
-0.452377190348
0.703397249803
-0.548258321070
-0.587717727758
0.680143192876
-0.438170183448
-0.000000000985
0.283663150641
0.958923989151
-0.088153273831
0.416573306603
0.904818037253
-0.346754310918
0.302268879028
0.887916084228
-0.180027105183
0.289685772608
0.940038506949
-0.092264407667
0.144985469010
0.985122577578
-0.434723407865
0.155138928667
0.887100598279
-0.270804066166
0.149547544148
0.950947259204
0.688129069803
0.708950303817
-0.154492232844
0.647361574727
0.762183043348
-0.000000000388
0.798310136688
0.581345727171
0.157283410314
0.761002853316
0.648748531594
-0.000000000169
0.798310136775
0.581345727210
-0.157283409731
0.887100598213
0.434723408037
0.155138928561
0.858521793924
0.512777075694
-0.000000000100
-0.438155383485
0.863442538255
-0.249973684724
-0.416573306991
0.904818037014
-0.088153274458
-0.144985468713
0.985122577669
-0.092264407163
-0.289685772777
0.940038506845
-0.180027105456
-0.302268878740
0.887916084498
-0.346754310478
-0.000000000106
0.982981729107
-0.183703348476
-0.149547544248
0.950947259142
-0.270804066328
-0.249973685333
0.438155385079
0.863442537270
-0.142634993905
0.559208300269
0.816664763183
-0.306570357057
0.706045729525
0.638368266750
-0.291289975356
0.580975747860
0.760011401662
-0.403776850368
0.451555826297
0.795651676831
-0.452377190241
0.703397249737
0.548258321242
-0.438170183510
0.587717727597
0.680143192976
0.863442537270
-0.249973685333
0.438155385079
0.816664763183
-0.142634993905
0.559208300269
0.638368266750
-0.306570357057
0.706045729525
0.760011401662
-0.291289975356
0.580975747860
0.795651676831
-0.403776850368
0.451555826297
0.548258321242
-0.452377190241
0.703397249737
0.680143192976
-0.438170183510
0.587717727597
-0.863442538255
-0.249973684724
0.438155383485
-0.904818037014
-0.088153274458
0.416573306991
-0.985122577669
-0.092264407163
0.144985468713
-0.940038506845
-0.180027105456
0.289685772777
-0.887916084498
-0.346754310478
0.302268878740
-0.982981729107
-0.183703348476
0.000000000106
-0.950947259142
-0.270804066328
0.149547544248
0.438155385079
0.863442537270
-0.249973685333
0.559208300269
0.816664763183
-0.142634993905
0.706045729525
0.638368266750
-0.306570357057
0.580975747860
0.760011401662
-0.291289975356
0.451555826297
0.795651676831
-0.403776850368
0.703397249737
0.548258321242
-0.452377190241
0.587717727597
0.680143192976
-0.438170183510
-0.154492232844
0.688129069803
0.708950303817
-0.000000000388
0.647361574727
0.762183043348
0.157283410314
0.798310136688
0.581345727171
-0.000000000169
0.761002853316
0.648748531594
-0.157283409731
0.798310136775
0.581345727210
0.155138928561
0.887100598213
0.434723408037
-0.000000000100
0.858521793924
0.512777075694
-0.154492234438
-0.688129068818
0.708950304426
-0.142634993666
-0.559208300896
0.816664762795
-0.403776850497
-0.451555825770
0.795651677065
-0.291289975251
-0.580975748133
0.760011401493
-0.306570357288
-0.706045729108
0.638368267100
-0.548258321070
-0.452377190348
0.703397249803
-0.438170183448
-0.587717727758
0.680143192876
0.958923989151
-0.000000000985
0.283663150641
0.904818037253
-0.088153273831
0.416573306603
0.887916084228
-0.346754310918
0.302268879028
0.940038506949
-0.180027105183
0.289685772608
0.985122577578
-0.092264407667
0.144985469010
0.887100598279
-0.434723407865
0.155138928667
0.950947259204
-0.270804066166
0.149547544148
0.154492234438
0.688129068818
0.708950304426
0.142634993666
0.559208300896
0.816664762795
0.403776850497
0.451555825770
0.795651677065
0.291289975251
0.580975748133
0.760011401493
0.306570357288
0.706045729108
0.638368267100
0.548258321070
0.452377190348
0.703397249803
0.438170183448
0.587717727758
0.680143192876
-0.249973684724
-0.438155383485
0.863442538255
-0.088153274458
-0.416573306991
0.904818037014
-0.092264407163
-0.144985468713
0.985122577669
-0.180027105456
-0.289685772777
0.940038506845
-0.346754310478
-0.302268878740
0.887916084498
-0.183703348476
-0.000000000106
0.982981729107
-0.270804066328
-0.149547544248
0.950947259142
0.249973684724
0.438155383485
0.863442538255
0.088153274458
0.416573306991
0.904818037014
0.092264407163
0.144985468713
0.985122577669
0.180027105456
0.289685772777
0.940038506845
0.346754310478
0.302268878740
0.887916084498
0.183703348476
0.000000000106
0.982981729107
0.270804066328
0.149547544248
0.950947259142
-0.283663150641
0.958923989151
0.000000000985
-0.416573306603
0.904818037253
0.088153273831
-0.302268879028
0.887916084228
0.346754310918
-0.289685772608
0.940038506949
0.180027105183
-0.144985469010
0.985122577578
0.092264407667
-0.155138928667
0.887100598279
0.434723407865
-0.149547544148
0.950947259204
0.270804066166
-0.708950303817
-0.154492232844
-0.688129069803
-0.762183043348
-0.000000000388
-0.647361574727
-0.581345727171
0.157283410314
-0.798310136688
-0.648748531594
-0.000000000169
-0.761002853316
-0.581345727210
-0.157283409731
-0.798310136775
-0.434723408037
0.155138928561
-0.887100598213
-0.512777075694
-0.000000000100
-0.858521793924
-0.708950304426
-0.154492234438
0.688129068818
-0.816664762795
-0.142634993666
0.559208300896
-0.795651677065
-0.403776850497
0.451555825770
-0.760011401493
-0.291289975251
0.580975748133
-0.638368267100
-0.306570357288
0.706045729108
-0.703397249803
-0.548258321070
0.452377190348
-0.680143192876
-0.438170183448
0.587717727758
-0.438155385079
0.863442537270
0.249973685333
-0.559208300269
0.816664763183
0.142634993905
-0.706045729525
0.638368266750
0.306570357057
-0.580975747860
0.760011401662
0.291289975356
-0.451555826297
0.795651676831
0.403776850368
-0.703397249737
0.548258321242
0.452377190241
-0.587717727597
0.680143192976
0.438170183510
-0.708950304426
0.154492234438
-0.688129068818
-0.816664762795
0.142634993666
-0.559208300896
-0.795651677065
0.403776850497
-0.451555825770
-0.760011401493
0.291289975251
-0.580975748133
-0.638368267100
0.306570357288
-0.706045729108
-0.703397249803
0.548258321070
-0.452377190348
-0.680143192876
0.438170183448
-0.587717727758
-0.283663150641
-0.958923989151
-0.000000000985
-0.416573306603
-0.904818037253
-0.088153273831
-0.302268879028
-0.887916084228
-0.346754310918
-0.289685772608
-0.940038506949
-0.180027105183
-0.144985469010
-0.985122577578
-0.092264407667
-0.155138928667
-0.887100598279
-0.434723407865
-0.149547544148
-0.950947259204
-0.270804066166
0.708950303817
-0.154492232844
0.688129069803
0.762183043348
-0.000000000388
0.647361574727
0.581345727171
0.157283410314
0.798310136688
0.648748531594
-0.000000000169
0.761002853316
0.581345727210
-0.157283409731
0.798310136775
0.434723408037
0.155138928561
0.887100598213
0.512777075694
-0.000000000100
0.858521793924
0.708950304426
-0.154492234438
-0.688129068818
0.816664762795
-0.142634993666
-0.559208300896
0.795651677065
-0.403776850497
-0.451555825770
0.760011401493
-0.291289975251
-0.580975748133
0.638368267100
-0.306570357288
-0.706045729108
0.703397249803
-0.548258321070
-0.452377190348
0.680143192876
-0.438170183448
-0.587717727758
0.283663150641
0.958923989151
-0.000000000985
0.416573306603
0.904818037253
-0.088153273831
0.302268879028
0.887916084228
-0.346754310918
0.289685772608
0.940038506949
-0.180027105183
0.144985469010
0.985122577578
-0.092264407667
0.155138928667
0.887100598279
-0.434723407865
0.149547544148
0.950947259204
-0.270804066166
0.708950304426
0.154492234438
0.688129068818
0.816664762795
0.142634993666
0.559208300896
0.795651677065
0.403776850497
0.451555825770
0.760011401493
0.291289975251
0.580975748133
0.638368267100
0.306570357288
0.706045729108
0.703397249803
0.548258321070
0.452377190348
0.680143192876
0.438170183448
0.587717727758
0.863442538255
-0.249973684724
-0.438155383485
0.904818037014
-0.088153274458
-0.416573306991
0.985122577669
-0.092264407163
-0.144985468713
0.940038506845
-0.180027105456
-0.289685772777
0.887916084498
-0.346754310478
-0.302268878740
0.982981729107
-0.183703348476
-0.000000000106
0.950947259142
-0.270804066328
-0.149547544248
-0.249973684724
0.438155383485
-0.863442538255
-0.088153274458
0.416573306991
-0.904818037014
-0.092264407163
0.144985468713
-0.985122577669
-0.180027105456
0.289685772777
-0.940038506845
-0.346754310478
0.302268878740
-0.887916084498
-0.183703348476
0.000000000106
-0.982981729107
-0.270804066328
0.149547544248
-0.950947259142
0.283663150641
-0.958923989151
0.000000000985
0.416573306603
-0.904818037253
0.088153273831
0.302268879028
-0.887916084228
0.346754310918
0.289685772608
-0.940038506949
0.180027105183
0.144985469010
-0.985122577578
0.092264407667
0.155138928667
-0.887100598279
0.434723407865
0.149547544148
-0.950947259204
0.270804066166
-0.958923989151
0.000000000985
0.283663150641
-0.904818037253
0.088153273831
0.416573306603
-0.887916084228
0.346754310918
0.302268879028
-0.940038506949
0.180027105183
0.289685772608
-0.985122577578
0.092264407667
0.144985469010
-0.887100598279
0.434723407865
0.155138928667
-0.950947259204
0.270804066166
0.149547544148
0.154492232844
-0.688129069803
0.708950303817
0.000000000388
-0.647361574727
0.762183043348
-0.157283410314
-0.798310136688
0.581345727171
0.000000000169
-0.761002853316
0.648748531594
0.157283409731
-0.798310136775
0.581345727210
-0.155138928561
-0.887100598213
0.434723408037
0.000000000100
-0.858521793924
0.512777075694
-0.863442537270
0.249973685333
0.438155385079
-0.816664763183
0.142634993905
0.559208300269
-0.638368266750
0.306570357057
0.706045729525
-0.760011401662
0.291289975356
0.580975747860
-0.795651676831
0.403776850368
0.451555826297
-0.548258321242
0.452377190241
0.703397249737
-0.680143192976
0.438170183510
0.587717727597
-0.438155385079
-0.863442537270
-0.249973685333
-0.559208300269
-0.816664763183
-0.142634993905
-0.706045729525
-0.638368266750
-0.306570357057
-0.580975747860
-0.760011401662
-0.291289975356
-0.451555826297
-0.795651676831
-0.403776850368
-0.703397249737
-0.548258321242
-0.452377190241
-0.587717727597
-0.680143192976
-0.438170183510
0.249973685333
-0.438155385079
0.863442537270
0.142634993905
-0.559208300269
0.816664763183
0.306570357057
-0.706045729525
0.638368266750
0.291289975356
-0.580975747860
0.760011401662
0.403776850368
-0.451555826297
0.795651676831
0.452377190241
-0.703397249737
0.548258321242
0.438170183510
-0.587717727597
0.680143192976
-0.708950303817
0.154492232844
0.688129069803
-0.762183043348
0.000000000388
0.647361574727
-0.581345727171
-0.157283410314
0.798310136688
-0.648748531594
0.000000000169
0.761002853316
-0.581345727210
0.157283409731
0.798310136775
-0.434723408037
-0.155138928561
0.887100598213
-0.512777075694
0.000000000100
0.858521793924
0.438155383485
-0.863442538255
-0.249973684724
0.416573306991
-0.904818037014
-0.088153274458
0.144985468713
-0.985122577669
-0.092264407163
0.289685772777
-0.940038506845
-0.180027105456
0.302268878740
-0.887916084498
-0.346754310478
0.000000000106
-0.982981729107
-0.183703348476
0.149547544248
-0.950947259142
-0.270804066328
0.863442538255
0.249973684724
0.438155383485
0.904818037014
0.088153274458
0.416573306991
0.985122577669
0.092264407163
0.144985468713
0.940038506845
0.180027105456
0.289685772777
0.887916084498
0.346754310478
0.302268878740
0.982981729107
0.183703348476
0.000000000106
0.950947259142
0.270804066328
0.149547544248
0.000000000985
-0.283663150641
0.958923989151
0.088153273831
-0.416573306603
0.904818037253
0.346754310918
-0.302268879028
0.887916084228
0.180027105183
-0.289685772608
0.940038506949
0.092264407667
-0.144985469010
0.985122577578
0.434723407865
-0.155138928667
0.887100598279
0.270804066166
-0.149547544148
0.950947259204
0.708950303817
0.154492232844
-0.688129069803
0.762183043348
0.000000000388
-0.647361574727
0.581345727171
-0.157283410314
-0.798310136688
0.648748531594
0.000000000169
-0.761002853316
0.581345727210
0.157283409731
-0.798310136775
0.434723408037
-0.155138928561
-0.887100598213
0.512777075694
0.000000000100
-0.858521793924
-0.688129069803
-0.708950303817
-0.154492232844
-0.647361574727
-0.762183043348
-0.000000000388
-0.798310136688
-0.581345727171
0.157283410314
-0.761002853316
-0.648748531594
-0.000000000169
-0.798310136775
-0.581345727210
-0.157283409731
-0.887100598213
-0.434723408037
0.155138928561
-0.858521793924
-0.512777075694
-0.000000000100
0.438155385079
-0.863442537270
0.249973685333
0.559208300269
-0.816664763183
0.142634993905
0.706045729525
-0.638368266750
0.306570357057
0.580975747860
-0.760011401662
0.291289975356
0.451555826297
-0.795651676831
0.403776850368
0.703397249737
-0.548258321242
0.452377190241
0.587717727597
-0.680143192976
0.438170183510
-0.249973685333
-0.438155385079
-0.863442537270
-0.142634993905
-0.559208300269
-0.816664763183
-0.306570357057
-0.706045729525
-0.638368266750
-0.291289975356
-0.580975747860
-0.760011401662
-0.403776850368
-0.451555826297
-0.795651676831
-0.452377190241
-0.703397249737
-0.548258321242
-0.438170183510
-0.587717727597
-0.680143192976
0.249973685333
0.438155385079
-0.863442537270
0.142634993905
0.559208300269
-0.816664763183
0.306570357057
0.706045729525
-0.638368266750
0.291289975356
0.580975747860
-0.760011401662
0.403776850368
0.451555826297
-0.795651676831
0.452377190241
0.703397249737
-0.548258321242
0.438170183510
0.587717727597
-0.680143192976
-0.863442537270
-0.249973685333
-0.438155385079
-0.816664763183
-0.142634993905
-0.559208300269
-0.638368266750
-0.306570357057
-0.706045729525
-0.760011401662
-0.291289975356
-0.580975747860
-0.795651676831
-0.403776850368
-0.451555826297
-0.548258321242
-0.452377190241
-0.703397249737
-0.680143192976
-0.438170183510
-0.587717727597
-0.688129069803
0.708950303817
0.154492232844
-0.647361574727
0.762183043348
0.000000000388
-0.798310136688
0.581345727171
-0.157283410314
-0.761002853316
0.648748531594
0.000000000169
-0.798310136775
0.581345727210
0.157283409731
-0.887100598213
0.434723408037
-0.155138928561
-0.858521793924
0.512777075694
0.000000000100
0.154492232844
0.688129069803
-0.708950303817
0.000000000388
0.647361574727
-0.762183043348
-0.157283410314
0.798310136688
-0.581345727171
0.000000000169
0.761002853316
-0.648748531594
0.157283409731
0.798310136775
-0.581345727210
-0.155138928561
0.887100598213
-0.434723408037
0.000000000100
0.858521793924
-0.512777075694
0.154492234438
-0.688129068818
-0.708950304426
0.142634993666
-0.559208300896
-0.816664762795
0.403776850497
-0.451555825770
-0.795651677065
0.291289975251
-0.580975748133
-0.760011401493
0.306570357288
-0.706045729108
-0.638368267100
0.548258321070
-0.452377190348
-0.703397249803
0.438170183448
-0.587717727758
-0.680143192876
-0.958923989151
-0.000000000985
-0.283663150641
-0.904818037253
-0.088153273831
-0.416573306603
-0.887916084228
-0.346754310918
-0.302268879028
-0.940038506949
-0.180027105183
-0.289685772608
-0.985122577578
-0.092264407667
-0.144985469010
-0.887100598279
-0.434723407865
-0.155138928667
-0.950947259204
-0.270804066166
-0.149547544148
-0.154492234438
0.688129068818
-0.708950304426
-0.142634993666
0.559208300896
-0.816664762795
-0.403776850497
0.451555825770
-0.795651677065
-0.291289975251
0.580975748133
-0.760011401493
-0.306570357288
0.706045729108
-0.638368267100
-0.548258321070
0.452377190348
-0.703397249803
-0.438170183448
0.587717727758
-0.680143192876
0.958923989151
0.000000000985
-0.283663150641
0.904818037253
0.088153273831
-0.416573306603
0.887916084228
0.346754310918
-0.302268879028
0.940038506949
0.180027105183
-0.289685772608
0.985122577578
0.092264407667
-0.144985469010
0.887100598279
0.434723407865
-0.155138928667
0.950947259204
0.270804066166
-0.149547544148
-0.154492232844
-0.688129069803
-0.708950303817
-0.000000000388
-0.647361574727
-0.762183043348
0.157283410314
-0.798310136688
-0.581345727171
-0.000000000169
-0.761002853316
-0.648748531594
-0.157283409731
-0.798310136775
-0.581345727210
0.155138928561
-0.887100598213
-0.434723408037
-0.000000000100
-0.858521793924
-0.512777075694
0.863442537270
0.249973685333
-0.438155385079
0.816664763183
0.142634993905
-0.559208300269
0.638368266750
0.306570357057
-0.706045729525
0.760011401662
0.291289975356
-0.580975747860
0.795651676831
0.403776850368
-0.451555826297
0.548258321242
0.452377190241
-0.703397249737
0.680143192976
0.438170183510
-0.587717727597
-0.863442538255
0.249973684724
-0.438155383485
-0.904818037014
0.088153274458
-0.416573306991
-0.985122577669
0.092264407163
-0.144985468713
-0.940038506845
0.180027105456
-0.289685772777
-0.887916084498
0.346754310478
-0.302268878740
-0.982981729107
0.183703348476
-0.000000000106
-0.950947259142
0.270804066328
-0.149547544248
0.249973684724
-0.438155383485
-0.863442538255
0.088153274458
-0.416573306991
-0.904818037014
0.092264407163
-0.144985468713
-0.985122577669
0.180027105456
-0.289685772777
-0.940038506845
0.346754310478
-0.302268878740
-0.887916084498
0.183703348476
-0.000000000106
-0.982981729107
0.270804066328
-0.149547544248
-0.950947259142
0.688129068818
-0.708950304426
-0.154492234438
0.559208300896
-0.816664762795
-0.142634993666
0.451555825770
-0.795651677065
-0.403776850497
0.580975748133
-0.760011401493
-0.291289975251
0.706045729108
-0.638368267100
-0.306570357288
0.452377190348
-0.703397249803
-0.548258321070
0.587717727758
-0.680143192876
-0.438170183448
-0.688129068818
-0.708950304426
0.154492234438
-0.559208300896
-0.816664762795
0.142634993666
-0.451555825770
-0.795651677065
0.403776850497
-0.580975748133
-0.760011401493
0.291289975251
-0.706045729108
-0.638368267100
0.306570357288
-0.452377190348
-0.703397249803
0.548258321070
-0.587717727758
-0.680143192876
0.438170183448
-0.438155383485
-0.863442538255
0.249973684724
-0.416573306991
-0.904818037014
0.088153274458
-0.144985468713
-0.985122577669
0.092264407163
-0.289685772777
-0.940038506845
0.180027105456
-0.302268878740
-0.887916084498
0.346754310478
-0.000000000106
-0.982981729107
0.183703348476
-0.149547544248
-0.950947259142
0.270804066328
0.438155383485
0.863442538255
0.249973684724
0.416573306991
0.904818037014
0.088153274458
0.144985468713
0.985122577669
0.092264407163
0.289685772777
0.940038506845
0.180027105456
0.302268878740
0.887916084498
0.346754310478
0.000000000106
0.982981729107
0.183703348476
0.149547544248
0.950947259142
0.270804066328
-0.000000000985
-0.283663150641
-0.958923989151
-0.088153273831
-0.416573306603
-0.904818037253
-0.346754310918
-0.302268879028
-0.887916084228
-0.180027105183
-0.289685772608
-0.940038506949
-0.092264407667
-0.144985469010
-0.985122577578
-0.434723407865
-0.155138928667
-0.887100598279
-0.270804066166
-0.149547544148
-0.950947259204
0.688129069803
-0.708950303817
0.154492232844
0.647361574727
-0.762183043348
0.000000000388
0.798310136688
-0.581345727171
-0.157283410314
0.761002853316
-0.648748531594
0.000000000169
0.798310136775
-0.581345727210
0.157283409731
0.887100598213
-0.434723408037
-0.155138928561
0.858521793924
-0.512777075694
0.000000000100