392
0.375511766877
0.818669911008
0.434477260333
0.497554430738
0.816612731200
0.292546125757
0.599547821097
0.788469072431
0.137327826885
0.659286898561
0.697878563311
0.279832621860
0.697844747454
0.580727550667
0.419247206726
0.548369864002
0.710820748005
0.440481959290
0.525731112119
0.850650808352
0.000000000000
0.000000000000
0.525731112119
-0.850650808352
-0.525731112119
0.850650808352
0.000000000000
0.000000000000
0.525731112119
0.850650808352
0.850650808352
0.000000000000
0.525731112119
-0.850650808352
0.000000000000
0.525731112119
0.000000000000
-0.525731112119
0.850650808352
-0.850650808352
0.000000000000
-0.525731112119
-0.525731112119
-0.850650808352
0.000000000000
0.850650808352
0.000000000000
-0.525731112119
0.525731112119
-0.850650808352
0.000000000000
0.000000000000
-0.525731112119
-0.850650808352
0.577350269190
0.577350269190
0.577350269190
0.356822089773
0.000000000000
-0.934172358963
-0.577350269190
0.577350269190
-0.577350269190
-0.356822089773
0.000000000000
0.934172358963
0.934172358963
0.356822089773
0.000000000000
0.000000000000
0.934172358963
-0.356822089773
-0.577350269190
0.577350269190
0.577350269190
0.577350269190
-0.577350269190
0.577350269190
-0.934172358963
-0.356822089773
0.000000000000
0.577350269190
0.577350269190
-0.577350269190
0.000000000000
0.934172358963
0.356822089773
-0.577350269190
-0.577350269190
0.577350269190
0.934172358963
-0.356822089773
0.000000000000
0.356822089773
0.000000000000
0.934172358963
-0.356822089773
0.000000000000
-0.934172358963
0.000000000000
-0.934172358963
-0.356822089773
0.577350269190
-0.577350269190
-0.577350269190
0.000000000000
-0.934172358963
0.356822089773
-0.934172358963
0.356822089773
0.000000000000
-0.577350269190
-0.577350269190
-0.577350269190
0.416726519125
0.329039723070
-0.847391213608
0.240244783771
0.360627739760
-0.901238080191
0.054976978123
0.383950500034
-0.921715544732
0.112402233458
0.220948450974
-0.968786622495
0.169710423616
0.044548967830
-0.984486547181
0.301828149868
0.185369478266
-0.935167324319
-0.375511766877
0.818669911008
-0.434477260333
-0.497554430738
0.816612731200
-0.292546125757
-0.599547821097
0.788469072431
-0.137327826885
-0.659286898561
0.697878563311
-0.279832621860
-0.697844747454
0.580727550667
-0.419247206726
-0.548369864002
0.710820748005
-0.440481959290
-0.416726519125
0.329039723070
0.847391213608
-0.240244783771
0.360627739760
0.901238080191
-0.054976978123
0.383950500034
0.921715544732
-0.112402233458
0.220948450974
0.968786622495
-0.169710423616
0.044548967830
0.984486547181
-0.301828149868
0.185369478266
0.935167324319
0.792238286002
0.561118758175
0.239800411625
0.737799214509
0.668133289210
0.096178100004
0.654524799220
0.754491431353
-0.048373207684
0.771689132019
0.628410162623
-0.097961987714
0.867555171070
0.475840740627
-0.144649973070
0.850198013870
0.524280692625
0.047886245958
-0.089239311445
0.995596018508
-0.028721302599
-0.264449639757
0.960679414967
-0.084625348991
-0.432323707718
0.891819258238
-0.133246472300
-0.318910438688
0.908242784483
-0.270908059184
-0.189198940899
0.895087947353
-0.403758996515
-0.137483232308
0.964762651915
-0.224346576314
-0.286272455432
0.763516983403
0.578869499383
-0.233104790981
0.653173865517
0.720434631196
-0.167224113379
0.521278326919
0.836842280116
-0.340376459873
0.500781072835
0.795840551025
-0.508645806555
0.463796174556
0.725377523736
-0.410886631694
0.625851437556
0.662934502047
0.578869499383
-0.286272455432
0.763516983403
0.720434631196
-0.233104790981
0.653173865517
0.836842280116
-0.167224113379
0.521278326919
0.795840551025
-0.340376459873
0.500781072835
0.725377523736
-0.508645806555
0.463796174556
0.662934502047
-0.410886631694
0.625851437556
-0.995596018508
-0.028721302599
0.089239311445
-0.960679414967
-0.084625348991
0.264449639757
-0.891819258238
-0.133246472300
0.432323707718
-0.908242784483
-0.270908059184
0.318910438688
-0.895087947353
-0.403758996515
0.189198940899
-0.964762651915
-0.224346576314
0.137483232308
0.763516983403
0.578869499383
-0.286272455432
0.653173865517
0.720434631196
-0.233104790981
0.521278326919
0.836842280116
-0.167224113379
0.500781072835
0.795840551025
-0.340376459873
0.463796174556
0.725377523736
-0.508645806555
0.625851437556
0.662934502047
-0.410886631694
0.239800411625
0.792238286002
0.561118758175
0.096178100004
0.737799214509
0.668133289210
-0.048373207684
0.654524799220
0.754491431353
-0.097961987714
0.771689132019
0.628410162623
-0.144649973070
0.867555171070
0.475840740627
0.047886245958
0.850198013870
0.524280692625
-0.434477260333
-0.375511766877
0.818669911008
-0.292546125757
-0.497554430738
0.816612731200
-0.137327826885
-0.599547821097
0.788469072431
-0.279832621860
-0.659286898561
0.697878563311
-0.419247206726
-0.697844747454
0.580727550667
-0.440481959290
-0.548369864002
0.710820748005
0.847391213608
-0.416726519125
0.329039723070
0.901238080191
-0.240244783771
0.360627739760
0.921715544732
-0.054976978123
0.383950500034
0.968786622495
-0.112402233458
0.220948450974
0.984486547181
-0.169710423616
0.044548967830
0.935167324319
-0.301828149868
0.185369478266
0.434477260333
0.375511766877
0.818669911008
0.292546125757
0.497554430738
0.816612731200
0.137327826885
0.599547821097
0.788469072431
0.279832621860
0.659286898561
0.697878563311
0.419247206726
0.697844747454
0.580727550667
0.440481959290
0.548369864002
0.710820748005
-0.028721302599
-0.089239311445
0.995596018508
-0.084625348991
-0.264449639757
0.960679414967
-0.133246472300
-0.432323707718
0.891819258238
-0.270908059184
-0.318910438688
0.908242784483
-0.403758996515
-0.189198940899
0.895087947353
-0.224346576314
-0.137483232308
0.964762651915
0.028721302599
0.089239311445
0.995596018508
0.084625348991
0.264449639757
0.960679414967
0.133246472300
0.432323707718
0.891819258238
0.270908059184
0.318910438688
0.908242784483
0.403758996515
0.189198940899
0.895087947353
0.224346576314
0.137483232308
0.964762651915
-0.329039723070
0.847391213608
0.416726519125
-0.360627739760
0.901238080191
0.240244783771
-0.383950500034
0.921715544732
0.054976978123
-0.220948450974
0.968786622495
0.112402233458
-0.044548967830
0.984486547181
0.169710423616
-0.185369478266
0.935167324319
0.301828149868
-0.561118758175
0.239800411625
-0.792238286002
-0.668133289210
0.096178100004
-0.737799214509
-0.754491431353
-0.048373207684
-0.654524799220
-0.628410162623
-0.097961987714
-0.771689132019
-0.475840740627
-0.144649973070
-0.867555171070
-0.524280692625
0.047886245958
-0.850198013870
-0.818669911008
-0.434477260333
0.375511766877
-0.816612731200
-0.292546125757
0.497554430738
-0.788469072431
-0.137327826885
0.599547821097
-0.697878563311
-0.279832621860
0.659286898561
-0.580727550667
-0.419247206726
0.697844747454
-0.710820748005
-0.440481959290
0.548369864002
-0.763516983403
0.578869499383
0.286272455432
-0.653173865517
0.720434631196
0.233104790981
-0.521278326919
0.836842280116
0.167224113379
-0.500781072835
0.795840551025
0.340376459873
-0.463796174556
0.725377523736
0.508645806555
-0.625851437556
0.662934502047
0.410886631694
-0.818669911008
0.434477260333
-0.375511766877
-0.816612731200
0.292546125757
-0.497554430738
-0.788469072431
0.137327826885
-0.599547821097
-0.697878563311
0.279832621860
-0.659286898561
-0.580727550667
0.419247206726
-0.697844747454
-0.710820748005
0.440481959290
-0.548369864002
-0.329039723070
-0.847391213608
-0.416726519125
-0.360627739760
-0.901238080191
-0.240244783771
-0.383950500034
-0.921715544732
-0.054976978123
-0.220948450974
-0.968786622495
-0.112402233458
-0.044548967830
-0.984486547181
-0.169710423616
-0.185369478266
-0.935167324319
-0.301828149868
0.561118758175
0.239800411625
0.792238286002
0.668133289210
0.096178100004
0.737799214509
0.754491431353
-0.048373207684
0.654524799220
0.628410162623
-0.097961987714
0.771689132019
0.475840740627
-0.144649973070
0.867555171070
0.524280692625
0.047886245958
0.850198013870
0.818669911008
-0.434477260333
-0.375511766877
0.816612731200
-0.292546125757
-0.497554430738
0.788469072431
-0.137327826885
-0.599547821097
0.697878563311
-0.279832621860
-0.659286898561
0.580727550667
-0.419247206726
-0.697844747454
0.710820748005
-0.440481959290
-0.548369864002
0.329039723070
0.847391213608
-0.416726519125
0.360627739760
0.901238080191
-0.240244783771
0.383950500034
0.921715544732
-0.054976978123
0.220948450974
0.968786622495
-0.112402233458
0.044548967830
0.984486547181
-0.169710423616
0.185369478266
0.935167324319
-0.301828149868
0.818669911008
0.434477260333
0.375511766877
0.816612731200
0.292546125757
0.497554430738
0.788469072431
0.137327826885
0.599547821097
0.697878563311
0.279832621860
0.659286898561
0.580727550667
0.419247206726
0.697844747454
0.710820748005
0.440481959290
0.548369864002
0.995596018508
-0.028721302599
-0.089239311445
0.960679414967
-0.084625348991
-0.264449639757
0.891819258238
-0.133246472300
-0.432323707718
0.908242784483
-0.270908059184
-0.318910438688
0.895087947353
-0.403758996515
-0.189198940899
0.964762651915
-0.224346576314
-0.137483232308
-0.028721302599
0.089239311445
-0.995596018508
-0.084625348991
0.264449639757
-0.960679414967
-0.133246472300
0.432323707718
-0.891819258238
-0.270908059184
0.318910438688
-0.908242784483
-0.403758996515
0.189198940899
-0.895087947353
-0.224346576314
0.137483232308
-0.964762651915
0.329039723070
-0.847391213608
0.416726519125
0.360627739760
-0.901238080191
0.240244783771
0.383950500034
-0.921715544732
0.054976978123
0.220948450974
-0.968786622495
0.112402233458
0.044548967830
-0.984486547181
0.169710423616
0.185369478266
-0.935167324319
0.301828149868
-0.847391213608
0.416726519125
0.329039723070
-0.901238080191
0.240244783771
0.360627739760
-0.921715544732
0.054976978123
0.383950500034
-0.968786622495
0.112402233458
0.220948450974
-0.984486547181
0.169710423616
0.044548967830
-0.935167324319
0.301828149868
0.185369478266
-0.239800411625
-0.792238286002
0.561118758175
-0.096178100004
-0.737799214509
0.668133289210
0.048373207684
-0.654524799220
0.754491431353
0.097961987714
-0.771689132019
0.628410162623
0.144649973070
-0.867555171070
0.475840740627
-0.047886245958
-0.850198013870
0.524280692625
-0.578869499383
0.286272455432
0.763516983403
-0.720434631196
0.233104790981
0.653173865517
-0.836842280116
0.167224113379
0.521278326919
-0.795840551025
0.340376459873
0.500781072835
-0.725377523736
0.508645806555
0.463796174556
-0.662934502047
0.410886631694
0.625851437556
-0.763516983403
-0.578869499383
-0.286272455432
-0.653173865517
-0.720434631196
-0.233104790981
-0.521278326919
-0.836842280116
-0.167224113379
-0.500781072835
-0.795840551025
-0.340376459873
-0.463796174556
-0.725377523736
-0.508645806555
-0.625851437556
-0.662934502047
-0.410886631694
0.286272455432
-0.763516983403
0.578869499383
0.233104790981
-0.653173865517
0.720434631196
0.167224113379
-0.521278326919
0.836842280116
0.340376459873
-0.500781072835
0.795840551025
0.508645806555
-0.463796174556
0.725377523736
0.410886631694
-0.625851437556
0.662934502047
-0.561118758175
-0.239800411625
0.792238286002
-0.668133289210
-0.096178100004
0.737799214509
-0.754491431353
0.048373207684
0.654524799220
-0.628410162623
0.097961987714
0.771689132019
-0.475840740627
0.144649973070
0.867555171070
-0.524280692625
-0.047886245958
0.850198013870
0.089239311445
-0.995596018508
-0.028721302599
0.264449639757
-0.960679414967
-0.084625348991
0.432323707718
-0.891819258238
-0.133246472300
0.318910438688
-0.908242784483
-0.270908059184
0.189198940899
-0.895087947353
-0.403758996515
0.137483232308
-0.964762651915
-0.224346576314
0.995596018508
0.028721302599
0.089239311445
0.960679414967
0.084625348991
0.264449639757
0.891819258238
0.133246472300
0.432323707718
0.908242784483
0.270908059184
0.318910438688
0.895087947353
0.403758996515
0.189198940899
0.964762651915
0.224346576314
0.137483232308
0.416726519125
-0.329039723070
0.847391213608
0.240244783771
-0.360627739760
0.901238080191
0.054976978123
-0.383950500034
0.921715544732
0.112402233458
-0.220948450974
0.968786622495
0.169710423616
-0.044548967830
0.984486547181
0.301828149868
-0.185369478266
0.935167324319
0.561118758175
-0.239800411625
-0.792238286002
0.668133289210
-0.096178100004
-0.737799214509
0.754491431353
0.048373207684
-0.654524799220
0.628410162623
0.097961987714
-0.771689132019
0.475840740627
0.144649973070
-0.867555171070
0.524280692625
-0.047886245958
-0.850198013870
-0.792238286002
-0.561118758175
0.239800411625
-0.737799214509
-0.668133289210
0.096178100004
-0.654524799220
-0.754491431353
-0.048373207684
-0.771689132019
-0.628410162623
-0.097961987714
-0.867555171070
-0.475840740627
-0.144649973070
-0.850198013870
-0.524280692625
0.047886245958
0.763516983403
-0.578869499383
0.286272455432
0.653173865517
-0.720434631196
0.233104790981
0.521278326919
-0.836842280116
0.167224113379
0.500781072835
-0.795840551025
0.340376459873
0.463796174556
-0.725377523736
0.508645806555
0.625851437556
-0.662934502047
0.410886631694
-0.286272455432
-0.763516983403
-0.578869499383
-0.233104790981
-0.653173865517
-0.720434631196
-0.167224113379
-0.521278326919
-0.836842280116
-0.340376459873
-0.500781072835
-0.795840551025
-0.508645806555
-0.463796174556
-0.725377523736
-0.410886631694
-0.625851437556
-0.662934502047
0.286272455432
0.763516983403
-0.578869499383
0.233104790981
0.653173865517
-0.720434631196
0.167224113379
0.521278326919
-0.836842280116
0.340376459873
0.500781072835
-0.795840551025
0.508645806555
0.463796174556
-0.725377523736
0.410886631694
0.625851437556
-0.662934502047
-0.578869499383
-0.286272455432
-0.763516983403
-0.720434631196
-0.233104790981
-0.653173865517
-0.836842280116
-0.167224113379
-0.521278326919
-0.795840551025
-0.340376459873
-0.500781072835
-0.725377523736
-0.508645806555
-0.463796174556
-0.662934502047
-0.410886631694
-0.625851437556
-0.792238286002
0.561118758175
-0.239800411625
-0.737799214509
0.668133289210
-0.096178100004
-0.654524799220
0.754491431353
0.048373207684
-0.771689132019
0.628410162623
0.097961987714
-0.867555171070
0.475840740627
0.144649973070
-0.850198013870
0.524280692625
-0.047886245958
-0.239800411625
0.792238286002
-0.561118758175
-0.096178100004
0.737799214509
-0.668133289210
0.048373207684
0.654524799220
-0.754491431353
0.097961987714
0.771689132019
-0.628410162623
0.144649973070
0.867555171070
-0.475840740627
-0.047886245958
0.850198013870
-0.524280692625
0.434477260333
-0.375511766877
-0.818669911008
0.292546125757
-0.497554430738
-0.816612731200
0.137327826885
-0.599547821097
-0.788469072431
0.279832621860
-0.659286898561
-0.697878563311
0.419247206726
-0.697844747454
-0.580727550667
0.440481959290
-0.548369864002
-0.710820748005
-0.847391213608
-0.416726519125
-0.329039723070
-0.901238080191
-0.240244783771
-0.360627739760
-0.921715544732
-0.054976978123
-0.383950500034
-0.968786622495
-0.112402233458
-0.220948450974
-0.984486547181
-0.169710423616
-0.044548967830
-0.935167324319
-0.301828149868
-0.185369478266
-0.434477260333
0.375511766877
-0.818669911008
-0.292546125757
0.497554430738
-0.816612731200
-0.137327826885
0.599547821097
-0.788469072431
-0.279832621860
0.659286898561
-0.697878563311
-0.419247206726
0.697844747454
-0.580727550667
-0.440481959290
0.548369864002
-0.710820748005
0.847391213608
0.416726519125
-0.329039723070
0.901238080191
0.240244783771
-0.360627739760
0.921715544732
0.054976978123
-0.383950500034
0.968786622495
0.112402233458
-0.220948450974
0.984486547181
0.169710423616
-0.044548967830
0.935167324319
0.301828149868
-0.185369478266
0.239800411625
-0.792238286002
-0.561118758175
0.096178100004
-0.737799214509
-0.668133289210
-0.048373207684
-0.654524799220
-0.754491431353
-0.097961987714
-0.771689132019
-0.628410162623
-0.144649973070
-0.867555171070
-0.475840740627
0.047886245958
-0.850198013870
-0.524280692625
0.578869499383
0.286272455432
-0.763516983403
0.720434631196
0.233104790981
-0.653173865517
0.836842280116
0.167224113379
-0.521278326919
0.795840551025
0.340376459873
-0.500781072835
0.725377523736
0.508645806555
-0.463796174556
0.662934502047
0.410886631694
-0.625851437556
-0.995596018508
0.028721302599
-0.089239311445
-0.960679414967
0.084625348991
-0.264449639757
-0.891819258238
0.133246472300
-0.432323707718
-0.908242784483
0.270908059184
-0.318910438688
-0.895087947353
0.403758996515
-0.189198940899
-0.964762651915
0.224346576314
-0.137483232308
0.028721302599
-0.089239311445
-0.995596018508
0.084625348991
-0.264449639757
-0.960679414967
0.133246472300
-0.432323707718
-0.891819258238
0.270908059184
-0.318910438688
-0.908242784483
0.403758996515
-0.189198940899
-0.895087947353
0.224346576314
-0.137483232308
-0.964762651915
0.375511766877
-0.818669911008
-0.434477260333
0.497554430738
-0.816612731200
-0.292546125757
0.599547821097
-0.788469072431
-0.137327826885
0.659286898561
-0.697878563311
-0.279832621860
0.697844747454
-0.580727550667
-0.419247206726
0.548369864002
-0.710820748005
-0.440481959290
-0.375511766877
-0.818669911008
0.434477260333
-0.497554430738
-0.816612731200
0.292546125757
-0.599547821097
-0.788469072431
0.137327826885
-0.659286898561
-0.697878563311
0.279832621860
-0.697844747454
-0.580727550667
0.419247206726
-0.548369864002
-0.710820748005
0.440481959290
-0.089239311445
-0.995596018508
0.028721302599
-0.264449639757
-0.960679414967
0.084625348991
-0.432323707718
-0.891819258238
0.133246472300
-0.318910438688
-0.908242784483
0.270908059184
-0.189198940899
-0.895087947353
0.403758996515
-0.137483232308
-0.964762651915
0.224346576314
0.089239311445
0.995596018508
0.028721302599
0.264449639757
0.960679414967
0.084625348991
0.432323707718
0.891819258238
0.133246472300
0.318910438688
0.908242784483
0.270908059184
0.189198940899
0.895087947353
0.403758996515
0.137483232308
0.964762651915
0.224346576314
-0.416726519125
-0.329039723070
-0.847391213608
-0.240244783771
-0.360627739760
-0.901238080191
-0.054976978123
-0.383950500034
-0.921715544732
-0.112402233458
-0.220948450974
-0.968786622495
-0.169710423616
-0.044548967830
-0.984486547181
-0.301828149868
-0.185369478266
-0.935167324319
0.792238286002
-0.561118758175
-0.239800411625
0.737799214509
-0.668133289210
-0.096178100004
0.654524799220
-0.754491431353
0.048373207684
0.771689132019
-0.628410162623
0.097961987714
0.867555171070
-0.475840740627
0.144649973070
0.850198013870
-0.524280692625
-0.047886245958

