1002
0.364762132522
0.839323380031
0.403094096226
0.415171246976
0.858246132731
0.301738978815
0.459277288057
0.865823732689
0.198528679509
0.592903726734
0.803057788871
0.059693873705
0.564275029115
0.807865783107
0.170136909583
0.627205016557
0.741381363012
0.238678741794
0.682718572207
0.664240803104
0.304433090606
0.729154086206
0.577598428819
0.367034567302
0.425483223516
0.765277343336
0.483026515092
0.478627002798
0.790376329795
0.382389133597
0.525312483776
0.804354412016
0.277598224526
0.585552065168
0.731360859238
0.349628477892
0.637507550418
0.648022446781
0.416714568532
0.478956604842
0.679632506799
0.555607979047
0.535617789719
0.710993782151
0.455632993843
0.583676912356
0.621330759022
0.522751709586
0.525731112119
0.850650808352
0.000000000000
0.000000000000
0.525731112119
-0.850650808352
-0.525731112119
0.850650808352
0.000000000000
0.000000000000
0.525731112119
0.850650808352
0.850650808352
0.000000000000
0.525731112119
-0.850650808352
0.000000000000
0.525731112119
0.000000000000
-0.525731112119
0.850650808352
-0.850650808352
0.000000000000
-0.525731112119
-0.525731112119
-0.850650808352
0.000000000000
0.850650808352
0.000000000000
-0.525731112119
0.525731112119
-0.850650808352
0.000000000000
0.000000000000
-0.525731112119
-0.850650808352
1.000000000000
0.000000000000
0.000000000000
-0.500000000000
-0.309016994375
-0.809016994375
-1.000000000000
0.000000000000
0.000000000000
0.500000000000
-0.309016994375
0.809016994375
0.500000000000
0.309016994375
-0.809016994375
-0.500000000000
0.309016994375
-0.809016994375
-0.500000000000
-0.309016994375
0.809016994375
0.809016994375
-0.500000000000
-0.309016994375
-0.309016994375
-0.809016994375
0.500000000000
-0.309016994375
0.809016994375
-0.500000000000
-0.809016994375
0.500000000000
0.309016994375
0.000000000000
-1.000000000000
0.000000000000
0.809016994375
0.500000000000
-0.309016994375
0.000000000000
1.000000000000
0.000000000000
-0.809016994375
-0.500000000000
0.309016994375
0.809016994375
0.500000000000
0.309016994375
0.309016994375
0.809016994375
-0.500000000000
-0.309016994375
-0.809016994375
-0.500000000000
0.000000000000
0.000000000000
1.000000000000
0.309016994375
0.809016994375
0.500000000000
0.000000000000
0.000000000000
-1.000000000000
0.309016994375
-0.809016994375
0.500000000000
-0.309016994375
0.809016994375
0.500000000000
0.309016994375
-0.809016994375
-0.500000000000
-0.809016994375
0.500000000000
-0.309016994375
-0.809016994375
-0.500000000000
-0.309016994375
0.809016994375
-0.500000000000
0.309016994375
0.500000000000
0.309016994375
0.809016994375
0.500000000000
-0.309016994375
-0.809016994375
-0.500000000000
0.309016994375
0.809016994375
0.403094096124
0.364762132255
-0.839323380196
0.301738978609
0.415171246438
-0.858246133064
0.198528679099
0.459277286984
-0.865823733352
-0.000000000853
0.436623134220
-0.899644506827
0.105150392819
0.394138119418
-0.913016176041
0.108592090512
0.286633742019
-0.951865986268
0.110193954363
0.174193911578
-0.978526327490
0.110847889797
0.058448657033
-0.992117180488
0.414518752186
0.246127571735
-0.876125232212
0.314285524004
0.300329438126
-0.900570284873
0.210484622175
0.349606791714
-0.912946501727
0.216082282274
0.235923585970
-0.947443142817
0.218625341329
0.118903220795
-0.968537549202
0.420035989369
0.124024527942
-0.898992594021
0.320515101937
0.181874556221
-0.929619123744
0.323078324381
0.060925203242
-0.944409082932
-0.364762132522
0.839323380031
-0.403094096226
-0.415171246976
0.858246132731
-0.301738978815
-0.459277288057
0.865823732689
-0.198528679509
-0.592903726734
0.803057788871
-0.059693873705
-0.564275029115
0.807865783107
-0.170136909583
-0.627205016557
0.741381363012
-0.238678741794
-0.682718572207
0.664240803104
-0.304433090606
-0.729154086206
0.577598428819
-0.367034567302
-0.425483223516
0.765277343336
-0.483026515092
-0.478627002798
0.790376329795
-0.382389133597
-0.525312483776
0.804354412016
-0.277598224526
-0.585552065168
0.731360859238
-0.349628477892
-0.637507550418
0.648022446781
-0.416714568532
-0.478956604842
0.679632506799
-0.555607979047
-0.535617789719
0.710993782151
-0.455632993843
-0.583676912356
0.621330759022
-0.522751709586
-0.403094096124
0.364762132255
0.839323380196
-0.301738978609
0.415171246438
0.858246133064
-0.198528679099
0.459277286984
0.865823733352
0.000000000853
0.436623134220
0.899644506827
-0.105150392819
0.394138119418
0.913016176041
-0.108592090512
0.286633742019
0.951865986268
-0.110193954363
0.174193911578
0.978526327490
-0.110847889797
0.058448657033
0.992117180488
-0.414518752186
0.246127571735
0.876125232212
-0.314285524004
0.300329438126
0.900570284873
-0.210484622175
0.349606791714
0.912946501727
-0.216082282274
0.235923585970
0.947443142817
-0.218625341329
0.118903220795
0.968537549202
-0.420035989369
0.124024527942
0.898992594021
-0.320515101937
0.181874556221
0.929619123744
-0.323078324381
0.060925203242
0.944409082932
0.767856228645
0.590197527962
0.249125851967
0.716910225585
0.671761188220
0.186484944306
0.657805967156
0.743126261264
0.122697471015
0.592903725881
0.803057789399
-0.059693875086
0.669425421935
0.742879266414
-0.000000000071
0.735797107069
0.674267760166
-0.062973048436
0.792912526570
0.596137193953
-0.126135527091
0.840001976003
0.509090665344
-0.187678914030
0.840001975702
0.509090665511
0.187678914919
0.792912526802
0.596137193788
0.126135526413
0.735797105951
0.674267761402
0.062973048262
0.801634347441
0.597814664426
-0.000000000807
0.856132891747
0.512904555038
-0.062971335460
0.898992594211
0.420035988871
0.124024528250
0.856132891656
0.512904555247
0.062971334999
0.906755236737
0.421657373526
0.000000000291
-0.115636280288
0.993291624188
-0.000000000165
-0.228686302132
0.973500167035
-0.000000000333
-0.336579815969
0.941654940773
-0.000000000663
-0.496317009306
0.862751663104
-0.096586717956
-0.394138119488
0.913016175997
-0.105150392934
-0.349606790455
0.912946501960
-0.210484623256
-0.300329438670
0.900570284559
-0.314285524386
-0.246127571062
0.876125232646
-0.414518751668
-0.058448656816
0.992117180603
-0.110847888875
-0.174193911713
0.978526327385
-0.110193955079
-0.286633743452
0.951865985928
-0.108592089711
-0.235923586777
0.947443142318
-0.216082283579
-0.181874556255
0.929619123570
-0.320515102420
0.000000000307
0.975643967918
-0.219360087222
-0.118903221223
0.968537549090
-0.218625341592
-0.060925202950
0.944409083112
-0.323078323910
-0.249125852234
0.767856228480
0.590197528064
-0.186484944844
0.716910225252
0.671761188426
-0.122697472088
0.657805966493
0.743126261674
-0.096586717428
0.496317007925
0.862751663957
-0.170136909627
0.564275029001
0.807865783177
-0.277598226102
0.525312483813
0.804354411448
-0.382389133537
0.478627002184
0.790376330195
-0.483026515144
0.425483224334
0.765277342849
-0.367034566700
0.729154086827
0.577598428417
-0.304433091085
0.682718571723
0.664240803382
-0.238678740325
0.627205016240
0.741381363753
-0.349628478391
0.585552063862
0.731360860045
-0.455632994164
0.535617789327
0.710993782241
-0.478956605150
0.679632506989
0.555607978549
-0.416714568497
0.637507550064
0.648022447153
-0.522751709406
0.583676912828
0.621330758731
0.590197528064
-0.249125852234
0.767856228480
0.671761188426
-0.186484944844
0.716910225252
0.743126261674
-0.122697472088
0.657805966493
0.862751663957
-0.096586717428
0.496317007925
0.807865783177
-0.170136909627
0.564275029001
0.804354411448
-0.277598226102
0.525312483813
0.790376330195
-0.382389133537
0.478627002184
0.765277342849
-0.483026515144
0.425483224334
0.577598428417
-0.367034566700
0.729154086827
0.664240803382
-0.304433091085
0.682718571723
0.741381363753
-0.238678740325
0.627205016240
0.731360860045
-0.349628478391
0.585552063862
0.710993782241
-0.455632994164
0.535617789327
0.555607978549
-0.478956605150
0.679632506989
0.648022447153
-0.416714568497
0.637507550064
0.621330758731
-0.522751709406
0.583676912828
-0.993291624188
-0.000000000165
0.115636280288
-0.973500167035
-0.000000000333
0.228686302132
-0.941654940773
-0.000000000663
0.336579815969
-0.862751663104
-0.096586717956
0.496317009306
-0.913016175997
-0.105150392934
0.394138119488
-0.912946501960
-0.210484623256
0.349606790455
-0.900570284559
-0.314285524386
0.300329438670
-0.876125232646
-0.414518751668
0.246127571062
-0.992117180603
-0.110847888875
0.058448656816
-0.978526327385
-0.110193955079
0.174193911713
-0.951865985928
-0.108592089711
0.286633743452
-0.947443142318
-0.216082283579
0.235923586777
-0.929619123570
-0.320515102420
0.181874556255
-0.975643967918
-0.219360087222
-0.000000000307
-0.968537549090
-0.218625341592
0.118903221223
-0.944409083112
-0.323078323910
0.060925202950
0.767856228480
0.590197528064
-0.249125852234
0.716910225252
0.671761188426
-0.186484944844
0.657805966493
0.743126261674
-0.122697472088
0.496317007925
0.862751663957
-0.096586717428
0.564275029001
0.807865783177
-0.170136909627
0.525312483813
0.804354411448
-0.277598226102
0.478627002184
0.790376330195
-0.382389133537
0.425483224334
0.765277342849
-0.483026515144
0.729154086827
0.577598428417
-0.367034566700
0.682718571723
0.664240803382
-0.304433091085
0.627205016240
0.741381363753
-0.238678740325
0.585552063862
0.731360860045
-0.349628478391
0.535617789327
0.710993782241
-0.455632994164
0.679632506989
0.555607978549
-0.478956605150
0.637507550064
0.648022447153
-0.416714568497
0.583676912828
0.621330758731
-0.522751709406
0.249125851967
0.767856228645
0.590197527962
0.186484944306
0.716910225585
0.671761188220
0.122697471015
0.657805967156
0.743126261264
-0.059693875086
0.592903725881
0.803057789399
-0.000000000071
0.669425421935
0.742879266414
-0.062973048436
0.735797107069
0.674267760166
-0.126135527091
0.792912526570
0.596137193953
-0.187678914030
0.840001976003
0.509090665344
0.187678914919
0.840001975702
0.509090665511
0.126135526413
0.792912526802
0.596137193788
0.062973048262
0.735797105951
0.674267761402
-0.000000000807
0.801634347441
0.597814664426
-0.062971335460
0.856132891747
0.512904555038
0.124024528250
0.898992594211
0.420035988871
0.062971334999
0.856132891656
0.512904555247
0.000000000291
0.906755236737
0.421657373526
-0.403094096226
-0.364762132522
0.839323380031
-0.301738978815
-0.415171246976
0.858246132731
-0.198528679509
-0.459277288057
0.865823732689
-0.059693873705
-0.592903726734
0.803057788871
-0.170136909583
-0.564275029115
0.807865783107
-0.238678741794
-0.627205016557
0.741381363012
-0.304433090606
-0.682718572207
0.664240803104
-0.367034567302
-0.729154086206
0.577598428819
-0.483026515092
-0.425483223516
0.765277343336
-0.382389133597
-0.478627002798
0.790376329795
-0.277598224526
-0.525312483776
0.804354412016
-0.349628477892
-0.585552065168
0.731360859238
-0.416714568532
-0.637507550418
0.648022446781
-0.555607979047
-0.478956604842
0.679632506799
-0.455632993843
-0.535617789719
0.710993782151
-0.522751709586
-0.583676912356
0.621330759022
0.839323380196
-0.403094096124
0.364762132255
0.858246133064
-0.301738978609
0.415171246438
0.865823733352
-0.198528679099
0.459277286984
0.899644506827
0.000000000853
0.436623134220
0.913016176041
-0.105150392819
0.394138119418
0.951865986268
-0.108592090512
0.286633742019
0.978526327490
-0.110193954363
0.174193911578
0.992117180488
-0.110847889797
0.058448657033
0.876125232212
-0.414518752186
0.246127571735
0.900570284873
-0.314285524004
0.300329438126
0.912946501727
-0.210484622175
0.349606791714
0.947443142817
-0.216082282274
0.235923585970
0.968537549202
-0.218625341329
0.118903220795
0.898992594021
-0.420035989369
0.124024527942
0.929619123744
-0.320515101937
0.181874556221
0.944409082932
-0.323078324381
0.060925203242
0.403094096226
0.364762132522
0.839323380031
0.301738978815
0.415171246976
0.858246132731
0.198528679509
0.459277288057
0.865823732689
0.059693873705
0.592903726734
0.803057788871
0.170136909583
0.564275029115
0.807865783107
0.238678741794
0.627205016557
0.741381363012
0.304433090606
0.682718572207
0.664240803104
0.367034567302
0.729154086206
0.577598428819
0.483026515092
0.425483223516
0.765277343336
0.382389133597
0.478627002798
0.790376329795
0.277598224526
0.525312483776
0.804354412016
0.349628477892
0.585552065168
0.731360859238
0.416714568532
0.637507550418
0.648022446781
0.555607979047
0.478956604842
0.679632506799
0.455632993843
0.535617789719
0.710993782151
0.522751709586
0.583676912356
0.621330759022
-0.000000000165
-0.115636280288
0.993291624188
-0.000000000333
-0.228686302132
0.973500167035
-0.000000000663
-0.336579815969
0.941654940773
-0.096586717956
-0.496317009306
0.862751663104
-0.105150392934
-0.394138119488
0.913016175997
-0.210484623256
-0.349606790455
0.912946501960
-0.314285524386
-0.300329438670
0.900570284559
-0.414518751668
-0.246127571062
0.876125232646
-0.110847888875
-0.058448656816
0.992117180603
-0.110193955079
-0.174193911713
0.978526327385
-0.108592089711
-0.286633743452
0.951865985928
-0.216082283579
-0.235923586777
0.947443142318
-0.320515102420
-0.181874556255
0.929619123570
-0.219360087222
0.000000000307
0.975643967918
-0.218625341592
-0.118903221223
0.968537549090
-0.323078323910
-0.060925202950
0.944409083112
0.000000000165
0.115636280288
0.993291624188
0.000000000333
0.228686302132
0.973500167035
0.000000000663
0.336579815969
0.941654940773
0.096586717956
0.496317009306
0.862751663104
0.105150392934
0.394138119488
0.913016175997
0.210484623256
0.349606790455
0.912946501960
0.314285524386
0.300329438670
0.900570284559
0.414518751668
0.246127571062
0.876125232646
0.110847888875
0.058448656816
0.992117180603
0.110193955079
0.174193911713
0.978526327385
0.108592089711
0.286633743452
0.951865985928
0.216082283579
0.235923586777
0.947443142318
0.320515102420
0.181874556255
0.929619123570
0.219360087222
-0.000000000307
0.975643967918
0.218625341592
0.118903221223
0.968537549090
0.323078323910
0.060925202950
0.944409083112
-0.364762132255
0.839323380196
0.403094096124
-0.415171246438
0.858246133064
0.301738978609
-0.459277286984
0.865823733352
0.198528679099
-0.436623134220
0.899644506827
-0.000000000853
-0.394138119418
0.913016176041
0.105150392819
-0.286633742019
0.951865986268
0.108592090512
-0.174193911578
0.978526327490
0.110193954363
-0.058448657033
0.992117180488
0.110847889797
-0.246127571735
0.876125232212
0.414518752186
-0.300329438126
0.900570284873
0.314285524004
-0.349606791714
0.912946501727
0.210484622175
-0.235923585970
0.947443142817
0.216082282274
-0.118903220795
0.968537549202
0.218625341329
-0.124024527942
0.898992594021
0.420035989369
-0.181874556221
0.929619123744
0.320515101937
-0.060925203242
0.944409082932
0.323078324381
-0.590197527962
0.249125851967
-0.767856228645
-0.671761188220
0.186484944306
-0.716910225585
-0.743126261264
0.122697471015
-0.657805967156
-0.803057789399
-0.059693875086
-0.592903725881
-0.742879266414
-0.000000000071
-0.669425421935
-0.674267760166
-0.062973048436
-0.735797107069
-0.596137193953
-0.126135527091
-0.792912526570
-0.509090665344
-0.187678914030
-0.840001976003
-0.509090665511
0.187678914919
-0.840001975702
-0.596137193788
0.126135526413
-0.792912526802
-0.674267761402
0.062973048262
-0.735797105951
-0.597814664426
-0.000000000807
-0.801634347441
-0.512904555038
-0.062971335460
-0.856132891747
-0.420035988871
0.124024528250
-0.898992594211
-0.512904555247
0.062971334999
-0.856132891656
-0.421657373526
0.000000000291
-0.906755236737
-0.839323380031
-0.403094096226
0.364762132522
-0.858246132731
-0.301738978815
0.415171246976
-0.865823732689
-0.198528679509
0.459277288057
-0.803057788871
-0.059693873705
0.592903726734
-0.807865783107
-0.170136909583
0.564275029115
-0.741381363012
-0.238678741794
0.627205016557
-0.664240803104
-0.304433090606
0.682718572207
-0.577598428819
-0.367034567302
0.729154086206
-0.765277343336
-0.483026515092
0.425483223516
-0.790376329795
-0.382389133597
0.478627002798
-0.804354412016
-0.277598224526
0.525312483776
-0.731360859238
-0.349628477892
0.585552065168
-0.648022446781
-0.416714568532
0.637507550418
-0.679632506799
-0.555607979047
0.478956604842
-0.710993782151
-0.455632993843
0.535617789719
-0.621330759022
-0.522751709586
0.583676912356
-0.767856228480
0.590197528064
0.249125852234
-0.716910225252
0.671761188426
0.186484944844
-0.657805966493
0.743126261674
0.122697472088
-0.496317007925
0.862751663957
0.096586717428
-0.564275029001
0.807865783177
0.170136909627
-0.525312483813
0.804354411448
0.277598226102
-0.478627002184
0.790376330195
0.382389133537
-0.425483224334
0.765277342849
0.483026515144
-0.729154086827
0.577598428417
0.367034566700
-0.682718571723
0.664240803382
0.304433091085
-0.627205016240
0.741381363753
0.238678740325
-0.585552063862
0.731360860045
0.349628478391
-0.535617789327
0.710993782241
0.455632994164
-0.679632506989
0.555607978549
0.478956605150
-0.637507550064
0.648022447153
0.416714568497
-0.583676912828
0.621330758731
0.522751709406
-0.839323380031
0.403094096226
-0.364762132522
-0.858246132731
0.301738978815
-0.415171246976
-0.865823732689
0.198528679509
-0.459277288057
-0.803057788871
0.059693873705
-0.592903726734
-0.807865783107
0.170136909583
-0.564275029115
-0.741381363012
0.238678741794
-0.627205016557
-0.664240803104
0.304433090606
-0.682718572207
-0.577598428819
0.367034567302
-0.729154086206
-0.765277343336
0.483026515092
-0.425483223516
-0.790376329795
0.382389133597
-0.478627002798
-0.804354412016
0.277598224526
-0.525312483776
-0.731360859238
0.349628477892
-0.585552065168
-0.648022446781
0.416714568532
-0.637507550418
-0.679632506799
0.555607979047
-0.478956604842
-0.710993782151
0.455632993843
-0.535617789719
-0.621330759022
0.522751709586
-0.583676912356
-0.364762132255
-0.839323380196
-0.403094096124
-0.415171246438
-0.858246133064
-0.301738978609
-0.459277286984
-0.865823733352
-0.198528679099
-0.436623134220
-0.899644506827
0.000000000853
-0.394138119418
-0.913016176041
-0.105150392819
-0.286633742019
-0.951865986268
-0.108592090512
-0.174193911578
-0.978526327490
-0.110193954363
-0.058448657033
-0.992117180488
-0.110847889797
-0.246127571735
-0.876125232212
-0.414518752186
-0.300329438126
-0.900570284873
-0.314285524004
-0.349606791714
-0.912946501727
-0.210484622175
-0.235923585970
-0.947443142817
-0.216082282274
-0.118903220795
-0.968537549202
-0.218625341329
-0.124024527942
-0.898992594021
-0.420035989369
-0.181874556221
-0.929619123744
-0.320515101937
-0.060925203242
-0.944409082932
-0.323078324381
0.590197527962
0.249125851967
0.767856228645
0.671761188220
0.186484944306
0.716910225585
0.743126261264
0.122697471015
0.657805967156
0.803057789399
-0.059693875086
0.592903725881
0.742879266414
-0.000000000071
0.669425421935
0.674267760166
-0.062973048436
0.735797107069
0.596137193953
-0.126135527091
0.792912526570
0.509090665344
-0.187678914030
0.840001976003
0.509090665511
0.187678914919
0.840001975702
0.596137193788
0.126135526413
0.792912526802
0.674267761402
0.062973048262
0.735797105951
0.597814664426
-0.000000000807
0.801634347441
0.512904555038
-0.062971335460
0.856132891747
0.420035988871
0.124024528250
0.898992594211
0.512904555247
0.062971334999
0.856132891656
0.421657373526
0.000000000291
0.906755236737
0.839323380031
-0.403094096226
-0.364762132522
0.858246132731
-0.301738978815
-0.415171246976
0.865823732689
-0.198528679509
-0.459277288057
0.803057788871
-0.059693873705
-0.592903726734
0.807865783107
-0.170136909583
-0.564275029115
0.741381363012
-0.238678741794
-0.627205016557
0.664240803104
-0.304433090606
-0.682718572207
0.577598428819
-0.367034567302
-0.729154086206
0.765277343336
-0.483026515092
-0.425483223516
0.790376329795
-0.382389133597
-0.478627002798
0.804354412016
-0.277598224526
-0.525312483776
0.731360859238
-0.349628477892
-0.585552065168
0.648022446781
-0.416714568532
-0.637507550418
0.679632506799
-0.555607979047
-0.478956604842
0.710993782151
-0.455632993843
-0.535617789719
0.621330759022
-0.522751709586
-0.583676912356
0.364762132255
0.839323380196
-0.403094096124
0.415171246438
0.858246133064
-0.301738978609
0.459277286984
0.865823733352
-0.198528679099
0.436623134220
0.899644506827
0.000000000853
0.394138119418
0.913016176041
-0.105150392819
0.286633742019
0.951865986268
-0.108592090512
0.174193911578
0.978526327490
-0.110193954363
0.058448657033
0.992117180488
-0.110847889797
0.246127571735
0.876125232212
-0.414518752186
0.300329438126
0.900570284873
-0.314285524004
0.349606791714
0.912946501727
-0.210484622175
0.235923585970
0.947443142817
-0.216082282274
0.118903220795
0.968537549202
-0.218625341329
0.124024527942
0.898992594021
-0.420035989369
0.181874556221
0.929619123744
-0.320515101937
0.060925203242
0.944409082932
-0.323078324381
0.839323380031
0.403094096226
0.364762132522
0.858246132731
0.301738978815
0.415171246976
0.865823732689
0.198528679509
0.459277288057
0.803057788871
0.059693873705
0.592903726734
0.807865783107
0.170136909583
0.564275029115
0.741381363012
0.238678741794
0.627205016557
0.664240803104
0.304433090606
0.682718572207
0.577598428819
0.367034567302
0.729154086206
0.765277343336
0.483026515092
0.425483223516
0.790376329795
0.382389133597
0.478627002798
0.804354412016
0.277598224526
0.525312483776
0.731360859238
0.349628477892
0.585552065168
0.648022446781
0.416714568532
0.637507550418
0.679632506799
0.555607979047
0.478956604842
0.710993782151
0.455632993843
0.535617789719
0.621330759022
0.522751709586
0.583676912356
0.993291624188
-0.000000000165
-0.115636280288
0.973500167035
-0.000000000333
-0.228686302132
0.941654940773
-0.000000000663
-0.336579815969
0.862751663104
-0.096586717956
-0.496317009306
0.913016175997
-0.105150392934
-0.394138119488
0.912946501960
-0.210484623256
-0.349606790455
0.900570284559
-0.314285524386
-0.300329438670
0.876125232646
-0.414518751668
-0.246127571062
0.992117180603
-0.110847888875
-0.058448656816
0.978526327385
-0.110193955079
-0.174193911713
0.951865985928
-0.108592089711
-0.286633743452
0.947443142318
-0.216082283579
-0.235923586777
0.929619123570
-0.320515102420
-0.181874556255
0.975643967918
-0.219360087222
0.000000000307
0.968537549090
-0.218625341592
-0.118903221223
0.944409083112
-0.323078323910
-0.060925202950
-0.000000000165
0.115636280288
-0.993291624188
-0.000000000333
0.228686302132
-0.973500167035
-0.000000000663
0.336579815969
-0.941654940773
-0.096586717956
0.496317009306
-0.862751663104
-0.105150392934
0.394138119488
-0.913016175997
-0.210484623256
0.349606790455
-0.912946501960
-0.314285524386
0.300329438670
-0.900570284559
-0.414518751668
0.246127571062
-0.876125232646
-0.110847888875
0.058448656816
-0.992117180603
-0.110193955079
0.174193911713
-0.978526327385
-0.108592089711
0.286633743452
-0.951865985928
-0.216082283579
0.235923586777
-0.947443142318
-0.320515102420
0.181874556255
-0.929619123570
-0.219360087222
-0.000000000307
-0.975643967918
-0.218625341592
0.118903221223
-0.968537549090
-0.323078323910
0.060925202950
-0.944409083112
0.364762132255
-0.839323380196
0.403094096124
0.415171246438
-0.858246133064
0.301738978609
0.459277286984
-0.865823733352
0.198528679099
0.436623134220
-0.899644506827
-0.000000000853
0.394138119418
-0.913016176041
0.105150392819
0.286633742019
-0.951865986268
0.108592090512
0.174193911578
-0.978526327490
0.110193954363
0.058448657033
-0.992117180488
0.110847889797
0.246127571735
-0.876125232212
0.414518752186
0.300329438126
-0.900570284873
0.314285524004
0.349606791714
-0.912946501727
0.210484622175
0.235923585970
-0.947443142817
0.216082282274
0.118903220795
-0.968537549202
0.218625341329
0.124024527942
-0.898992594021
0.420035989369
0.181874556221
-0.929619123744
0.320515101937
0.060925203242
-0.944409082932
0.323078324381
-0.839323380196
0.403094096124
0.364762132255
-0.858246133064
0.301738978609
0.415171246438
-0.865823733352
0.198528679099
0.459277286984
-0.899644506827
-0.000000000853
0.436623134220
-0.913016176041
0.105150392819
0.394138119418
-0.951865986268
0.108592090512
0.286633742019
-0.978526327490
0.110193954363
0.174193911578
-0.992117180488
0.110847889797
0.058448657033
-0.876125232212
0.414518752186
0.246127571735
-0.900570284873
0.314285524004
0.300329438126
-0.912946501727
0.210484622175
0.349606791714
-0.947443142817
0.216082282274
0.235923585970
-0.968537549202
0.218625341329
0.118903220795
-0.898992594021
0.420035989369
0.124024527942
-0.929619123744
0.320515101937
0.181874556221
-0.944409082932
0.323078324381
0.060925203242
-0.249125851967
-0.767856228645
0.590197527962
-0.186484944306
-0.716910225585
0.671761188220
-0.122697471015
-0.657805967156
0.743126261264
0.059693875086
-0.592903725881
0.803057789399
0.000000000071
-0.669425421935
0.742879266414
0.062973048436
-0.735797107069
0.674267760166
0.126135527091
-0.792912526570
0.596137193953
0.187678914030
-0.840001976003
0.509090665344
-0.187678914919
-0.840001975702
0.509090665511
-0.126135526413
-0.792912526802
0.596137193788
-0.062973048262
-0.735797105951
0.674267761402
0.000000000807
-0.801634347441
0.597814664426
0.062971335460
-0.856132891747
0.512904555038
-0.124024528250
-0.898992594211
0.420035988871
-0.062971334999
-0.856132891656
0.512904555247
-0.000000000291
-0.906755236737
0.421657373526
-0.590197528064
0.249125852234
0.767856228480
-0.671761188426
0.186484944844
0.716910225252
-0.743126261674
0.122697472088
0.657805966493
-0.862751663957
0.096586717428
0.496317007925
-0.807865783177
0.170136909627
0.564275029001
-0.804354411448
0.277598226102
0.525312483813
-0.790376330195
0.382389133537
0.478627002184
-0.765277342849
0.483026515144
0.425483224334
-0.577598428417
0.367034566700
0.729154086827
-0.664240803382
0.304433091085
0.682718571723
-0.741381363753
0.238678740325
0.627205016240
-0.731360860045
0.349628478391
0.585552063862
-0.710993782241
0.455632994164
0.535617789327
-0.555607978549
0.478956605150
0.679632506989
-0.648022447153
0.416714568497
0.637507550064
-0.621330758731
0.522751709406
0.583676912828
-0.767856228480
-0.590197528064
-0.249125852234
-0.716910225252
-0.671761188426
-0.186484944844
-0.657805966493
-0.743126261674
-0.122697472088
-0.496317007925
-0.862751663957
-0.096586717428
-0.564275029001
-0.807865783177
-0.170136909627
-0.525312483813
-0.804354411448
-0.277598226102
-0.478627002184
-0.790376330195
-0.382389133537
-0.425483224334
-0.765277342849
-0.483026515144
-0.729154086827
-0.577598428417
-0.367034566700
-0.682718571723
-0.664240803382
-0.304433091085
-0.627205016240
-0.741381363753
-0.238678740325
-0.585552063862
-0.731360860045
-0.349628478391
-0.535617789327
-0.710993782241
-0.455632994164
-0.679632506989
-0.555607978549
-0.478956605150
-0.637507550064
-0.648022447153
-0.416714568497
-0.583676912828
-0.621330758731
-0.522751709406
0.249125852234
-0.767856228480
0.590197528064
0.186484944844
-0.716910225252
0.671761188426
0.122697472088
-0.657805966493
0.743126261674
0.096586717428
-0.496317007925
0.862751663957
0.170136909627
-0.564275029001
0.807865783177
0.277598226102
-0.525312483813
0.804354411448
0.382389133537
-0.478627002184
0.790376330195
0.483026515144
-0.425483224334
0.765277342849
0.367034566700
-0.729154086827
0.577598428417
0.304433091085
-0.682718571723
0.664240803382
0.238678740325
-0.627205016240
0.741381363753
0.349628478391
-0.585552063862
0.731360860045
0.455632994164
-0.535617789327
0.710993782241
0.478956605150
-0.679632506989
0.555607978549
0.416714568497
-0.637507550064
0.648022447153
0.522751709406
-0.583676912828
0.621330758731
-0.590197527962
-0.249125851967
0.767856228645
-0.671761188220
-0.186484944306
0.716910225585
-0.743126261264
-0.122697471015
0.657805967156
-0.803057789399
0.059693875086
0.592903725881
-0.742879266414
0.000000000071
0.669425421935
-0.674267760166
0.062973048436
0.735797107069
-0.596137193953
0.126135527091
0.792912526570
-0.509090665344
0.187678914030
0.840001976003
-0.509090665511
-0.187678914919
0.840001975702
-0.596137193788
-0.126135526413
0.792912526802
-0.674267761402
-0.062973048262
0.735797105951
-0.597814664426
0.000000000807
0.801634347441
-0.512904555038
0.062971335460
0.856132891747
-0.420035988871
-0.124024528250
0.898992594211
-0.512904555247
-0.062971334999
0.856132891656
-0.421657373526
-0.000000000291
0.906755236737
0.115636280288
-0.993291624188
-0.000000000165
0.228686302132
-0.973500167035
-0.000000000333
0.336579815969
-0.941654940773
-0.000000000663
0.496317009306
-0.862751663104
-0.096586717956
0.394138119488
-0.913016175997
-0.105150392934
0.349606790455
-0.912946501960
-0.210484623256
0.300329438670
-0.900570284559
-0.314285524386
0.246127571062
-0.876125232646
-0.414518751668
0.058448656816
-0.992117180603
-0.110847888875
0.174193911713
-0.978526327385
-0.110193955079
0.286633743452
-0.951865985928
-0.108592089711
0.235923586777
-0.947443142318
-0.216082283579
0.181874556255
-0.929619123570
-0.320515102420
-0.000000000307
-0.975643967918
-0.219360087222
0.118903221223
-0.968537549090
-0.218625341592
0.060925202950
-0.944409083112
-0.323078323910
0.993291624188
0.000000000165
0.115636280288
0.973500167035
0.000000000333
0.228686302132
0.941654940773
0.000000000663
0.336579815969
0.862751663104
0.096586717956
0.496317009306
0.913016175997
0.105150392934
0.394138119488
0.912946501960
0.210484623256
0.349606790455
0.900570284559
0.314285524386
0.300329438670
0.876125232646
0.414518751668
0.246127571062
0.992117180603
0.110847888875
0.058448656816
0.978526327385
0.110193955079
0.174193911713
0.951865985928
0.108592089711
0.286633743452
0.947443142318
0.216082283579
0.235923586777
0.929619123570
0.320515102420
0.181874556255
0.975643967918
0.219360087222
-0.000000000307
0.968537549090
0.218625341592
0.118903221223
0.944409083112
0.323078323910
0.060925202950
0.403094096124
-0.364762132255
0.839323380196
0.301738978609
-0.415171246438
0.858246133064
0.198528679099
-0.459277286984
0.865823733352
-0.000000000853
-0.436623134220
0.899644506827
0.105150392819
-0.394138119418
0.913016176041
0.108592090512
-0.286633742019
0.951865986268
0.110193954363
-0.174193911578
0.978526327490
0.110847889797
-0.058448657033
0.992117180488
0.414518752186
-0.246127571735
0.876125232212
0.314285524004
-0.300329438126
0.900570284873
0.210484622175
-0.349606791714
0.912946501727
0.216082282274
-0.235923585970
0.947443142817
0.218625341329
-0.118903220795
0.968537549202
0.420035989369
-0.124024527942
0.898992594021
0.320515101937
-0.181874556221
0.929619123744
0.323078324381
-0.060925203242
0.944409082932
0.590197527962
-0.249125851967
-0.767856228645
0.671761188220
-0.186484944306
-0.716910225585
0.743126261264
-0.122697471015
-0.657805967156
0.803057789399
0.059693875086
-0.592903725881
0.742879266414
0.000000000071
-0.669425421935
0.674267760166
0.062973048436
-0.735797107069
0.596137193953
0.126135527091
-0.792912526570
0.509090665344
0.187678914030
-0.840001976003
0.509090665511
-0.187678914919
-0.840001975702
0.596137193788
-0.126135526413
-0.792912526802
0.674267761402
-0.062973048262
-0.735797105951
0.597814664426
0.000000000807
-0.801634347441
0.512904555038
0.062971335460
-0.856132891747
0.420035988871
-0.124024528250
-0.898992594211
0.512904555247
-0.062971334999
-0.856132891656
0.421657373526
-0.000000000291
-0.906755236737
-0.767856228645
-0.590197527962
0.249125851967
-0.716910225585
-0.671761188220
0.186484944306
-0.657805967156
-0.743126261264
0.122697471015
-0.592903725881
-0.803057789399
-0.059693875086
-0.669425421935
-0.742879266414
-0.000000000071
-0.735797107069
-0.674267760166
-0.062973048436
-0.792912526570
-0.596137193953
-0.126135527091
-0.840001976003
-0.509090665344
-0.187678914030
-0.840001975702
-0.509090665511
0.187678914919
-0.792912526802
-0.596137193788
0.126135526413
-0.735797105951
-0.674267761402
0.062973048262
-0.801634347441
-0.597814664426
-0.000000000807
-0.856132891747
-0.512904555038
-0.062971335460
-0.898992594211
-0.420035988871
0.124024528250
-0.856132891656
-0.512904555247
0.062971334999
-0.906755236737
-0.421657373526
0.000000000291
0.767856228480
-0.590197528064
0.249125852234
0.716910225252
-0.671761188426
0.186484944844
0.657805966493
-0.743126261674
0.122697472088
0.496317007925
-0.862751663957
0.096586717428
0.564275029001
-0.807865783177
0.170136909627
0.525312483813
-0.804354411448
0.277598226102
0.478627002184
-0.790376330195
0.382389133537
0.425483224334
-0.765277342849
0.483026515144
0.729154086827
-0.577598428417
0.367034566700
0.682718571723
-0.664240803382
0.304433091085
0.627205016240
-0.741381363753
0.238678740325
0.585552063862
-0.731360860045
0.349628478391
0.535617789327
-0.710993782241
0.455632994164
0.679632506989
-0.555607978549
0.478956605150
0.637507550064
-0.648022447153
0.416714568497
0.583676912828
-0.621330758731
0.522751709406
-0.249125852234
-0.767856228480
-0.590197528064
-0.186484944844
-0.716910225252
-0.671761188426
-0.122697472088
-0.657805966493
-0.743126261674
-0.096586717428
-0.496317007925
-0.862751663957
-0.170136909627
-0.564275029001
-0.807865783177
-0.277598226102
-0.525312483813
-0.804354411448
-0.382389133537
-0.478627002184
-0.790376330195
-0.483026515144
-0.425483224334
-0.765277342849
-0.367034566700
-0.729154086827
-0.577598428417
-0.304433091085
-0.682718571723
-0.664240803382
-0.238678740325
-0.627205016240
-0.741381363753
-0.349628478391
-0.585552063862
-0.731360860045
-0.455632994164
-0.535617789327
-0.710993782241
-0.478956605150
-0.679632506989
-0.555607978549
-0.416714568497
-0.637507550064
-0.648022447153
-0.522751709406
-0.583676912828
-0.621330758731
0.249125852234
0.767856228480
-0.590197528064
0.186484944844
0.716910225252
-0.671761188426
0.122697472088
0.657805966493
-0.743126261674
0.096586717428
0.496317007925
-0.862751663957
0.170136909627
0.564275029001
-0.807865783177
0.277598226102
0.525312483813
-0.804354411448
0.382389133537
0.478627002184
-0.790376330195
0.483026515144
0.425483224334
-0.765277342849
0.367034566700
0.729154086827
-0.577598428417
0.304433091085
0.682718571723
-0.664240803382
0.238678740325
0.627205016240
-0.741381363753
0.349628478391
0.585552063862
-0.731360860045
0.455632994164
0.535617789327
-0.710993782241
0.478956605150
0.679632506989
-0.555607978549
0.416714568497
0.637507550064
-0.648022447153
0.522751709406
0.583676912828
-0.621330758731
-0.590197528064
-0.249125852234
-0.767856228480
-0.671761188426
-0.186484944844
-0.716910225252
-0.743126261674
-0.122697472088
-0.657805966493
-0.862751663957
-0.096586717428
-0.496317007925
-0.807865783177
-0.170136909627
-0.564275029001
-0.804354411448
-0.277598226102
-0.525312483813
-0.790376330195
-0.382389133537
-0.478627002184
-0.765277342849
-0.483026515144
-0.425483224334
-0.577598428417
-0.367034566700
-0.729154086827
-0.664240803382
-0.304433091085
-0.682718571723
-0.741381363753
-0.238678740325
-0.627205016240
-0.731360860045
-0.349628478391
-0.585552063862
-0.710993782241
-0.455632994164
-0.535617789327
-0.555607978549
-0.478956605150
-0.679632506989
-0.648022447153
-0.416714568497
-0.637507550064
-0.621330758731
-0.522751709406
-0.583676912828
-0.767856228645
0.590197527962
-0.249125851967
-0.716910225585
0.671761188220
-0.186484944306
-0.657805967156
0.743126261264
-0.122697471015
-0.592903725881
0.803057789399
0.059693875086
-0.669425421935
0.742879266414
0.000000000071
-0.735797107069
0.674267760166
0.062973048436
-0.792912526570
0.596137193953
0.126135527091
-0.840001976003
0.509090665344
0.187678914030
-0.840001975702
0.509090665511
-0.187678914919
-0.792912526802
0.596137193788
-0.126135526413
-0.735797105951
0.674267761402
-0.062973048262
-0.801634347441
0.597814664426
0.000000000807
-0.856132891747
0.512904555038
0.062971335460
-0.898992594211
0.420035988871
-0.124024528250
-0.856132891656
0.512904555247
-0.062971334999
-0.906755236737
0.421657373526
-0.000000000291
-0.249125851967
0.767856228645
-0.590197527962
-0.186484944306
0.716910225585
-0.671761188220
-0.122697471015
0.657805967156
-0.743126261264
0.059693875086
0.592903725881
-0.803057789399
0.000000000071
0.669425421935
-0.742879266414
0.062973048436
0.735797107069
-0.674267760166
0.126135527091
0.792912526570
-0.596137193953
0.187678914030
0.840001976003
-0.509090665344
-0.187678914919
0.840001975702
-0.509090665511
-0.126135526413
0.792912526802
-0.596137193788
-0.062973048262
0.735797105951
-0.674267761402
0.000000000807
0.801634347441
-0.597814664426
0.062971335460
0.856132891747
-0.512904555038
-0.124024528250
0.898992594211
-0.420035988871
-0.062971334999
0.856132891656
-0.512904555247
-0.000000000291
0.906755236737
-0.421657373526
0.403094096226
-0.364762132522
-0.839323380031
0.301738978815
-0.415171246976
-0.858246132731
0.198528679509
-0.459277288057
-0.865823732689
0.059693873705
-0.592903726734
-0.803057788871
0.170136909583
-0.564275029115
-0.807865783107
0.238678741794
-0.627205016557
-0.741381363012
0.304433090606
-0.682718572207
-0.664240803104
0.367034567302
-0.729154086206
-0.577598428819
0.483026515092
-0.425483223516
-0.765277343336
0.382389133597
-0.478627002798
-0.790376329795
0.277598224526
-0.525312483776
-0.804354412016
0.349628477892
-0.585552065168
-0.731360859238
0.416714568532
-0.637507550418
-0.648022446781
0.555607979047
-0.478956604842
-0.679632506799
0.455632993843
-0.535617789719
-0.710993782151
0.522751709586
-0.583676912356
-0.621330759022
-0.839323380196
-0.403094096124
-0.364762132255
-0.858246133064
-0.301738978609
-0.415171246438
-0.865823733352
-0.198528679099
-0.459277286984
-0.899644506827
0.000000000853
-0.436623134220
-0.913016176041
-0.105150392819
-0.394138119418
-0.951865986268
-0.108592090512
-0.286633742019
-0.978526327490
-0.110193954363
-0.174193911578
-0.992117180488
-0.110847889797
-0.058448657033
-0.876125232212
-0.414518752186
-0.246127571735
-0.900570284873
-0.314285524004
-0.300329438126
-0.912946501727
-0.210484622175
-0.349606791714
-0.947443142817
-0.216082282274
-0.235923585970
-0.968537549202
-0.218625341329
-0.118903220795
-0.898992594021
-0.420035989369
-0.124024527942
-0.929619123744
-0.320515101937
-0.181874556221
-0.944409082932
-0.323078324381
-0.060925203242
-0.403094096226
0.364762132522
-0.839323380031
-0.301738978815
0.415171246976
-0.858246132731
-0.198528679509
0.459277288057
-0.865823732689
-0.059693873705
0.592903726734
-0.803057788871
-0.170136909583
0.564275029115
-0.807865783107
-0.238678741794
0.627205016557
-0.741381363012
-0.304433090606
0.682718572207
-0.664240803104
-0.367034567302
0.729154086206
-0.577598428819
-0.483026515092
0.425483223516
-0.765277343336
-0.382389133597
0.478627002798
-0.790376329795
-0.277598224526
0.525312483776
-0.804354412016
-0.349628477892
0.585552065168
-0.731360859238
-0.416714568532
0.637507550418
-0.648022446781
-0.555607979047
0.478956604842
-0.679632506799
-0.455632993843
0.535617789719
-0.710993782151
-0.522751709586
0.583676912356
-0.621330759022
0.839323380196
0.403094096124
-0.364762132255
0.858246133064
0.301738978609
-0.415171246438
0.865823733352
0.198528679099
-0.459277286984
0.899644506827
-0.000000000853
-0.436623134220
0.913016176041
0.105150392819
-0.394138119418
0.951865986268
0.108592090512
-0.286633742019
0.978526327490
0.110193954363
-0.174193911578
0.992117180488
0.110847889797
-0.058448657033
0.876125232212
0.414518752186
-0.246127571735
0.900570284873
0.314285524004
-0.300329438126
0.912946501727
0.210484622175
-0.349606791714
0.947443142817
0.216082282274
-0.235923585970
0.968537549202
0.218625341329
-0.118903220795
0.898992594021
0.420035989369
-0.124024527942
0.929619123744
0.320515101937
-0.181874556221
0.944409082932
0.323078324381
-0.060925203242
0.249125851967
-0.767856228645
-0.590197527962
0.186484944306
-0.716910225585
-0.671761188220
0.122697471015
-0.657805967156
-0.743126261264
-0.059693875086
-0.592903725881
-0.803057789399
-0.000000000071
-0.669425421935
-0.742879266414
-0.062973048436
-0.735797107069
-0.674267760166
-0.126135527091
-0.792912526570
-0.596137193953
-0.187678914030
-0.840001976003
-0.509090665344
0.187678914919
-0.840001975702
-0.509090665511
0.126135526413
-0.792912526802
-0.596137193788
0.062973048262
-0.735797105951
-0.674267761402
-0.000000000807
-0.801634347441
-0.597814664426
-0.062971335460
-0.856132891747
-0.512904555038
0.124024528250
-0.898992594211
-0.420035988871
0.062971334999
-0.856132891656
-0.512904555247
0.000000000291
-0.906755236737
-0.421657373526
0.590197528064
0.249125852234
-0.767856228480
0.671761188426
0.186484944844
-0.716910225252
0.743126261674
0.122697472088
-0.657805966493
0.862751663957
0.096586717428
-0.496317007925
0.807865783177
0.170136909627
-0.564275029001
0.804354411448
0.277598226102
-0.525312483813
0.790376330195
0.382389133537
-0.478627002184
0.765277342849
0.483026515144
-0.425483224334
0.577598428417
0.367034566700
-0.729154086827
0.664240803382
0.304433091085
-0.682718571723
0.741381363753
0.238678740325
-0.627205016240
0.731360860045
0.349628478391
-0.585552063862
0.710993782241
0.455632994164
-0.535617789327
0.555607978549
0.478956605150
-0.679632506989
0.648022447153
0.416714568497
-0.637507550064
0.621330758731
0.522751709406
-0.583676912828
-0.993291624188
0.000000000165
-0.115636280288
-0.973500167035
0.000000000333
-0.228686302132
-0.941654940773
0.000000000663
-0.336579815969
-0.862751663104
0.096586717956
-0.496317009306
-0.913016175997
0.105150392934
-0.394138119488
-0.912946501960
0.210484623256
-0.349606790455
-0.900570284559
0.314285524386
-0.300329438670
-0.876125232646
0.414518751668
-0.246127571062
-0.992117180603
0.110847888875
-0.058448656816
-0.978526327385
0.110193955079
-0.174193911713
-0.951865985928
0.108592089711
-0.286633743452
-0.947443142318
0.216082283579
-0.235923586777
-0.929619123570
0.320515102420
-0.181874556255
-0.975643967918
0.219360087222
0.000000000307
-0.968537549090
0.218625341592
-0.118903221223
-0.944409083112
0.323078323910
-0.060925202950
0.000000000165
-0.115636280288
-0.993291624188
0.000000000333
-0.228686302132
-0.973500167035
0.000000000663
-0.336579815969
-0.941654940773
0.096586717956
-0.496317009306
-0.862751663104
0.105150392934
-0.394138119488
-0.913016175997
0.210484623256
-0.349606790455
-0.912946501960
0.314285524386
-0.300329438670
-0.900570284559
0.414518751668
-0.246127571062
-0.876125232646
0.110847888875
-0.058448656816
-0.992117180603
0.110193955079
-0.174193911713
-0.978526327385
0.108592089711
-0.286633743452
-0.951865985928
0.216082283579
-0.235923586777
-0.947443142318
0.320515102420
-0.181874556255
-0.929619123570
0.219360087222
0.000000000307
-0.975643967918
0.218625341592
-0.118903221223
-0.968537549090
0.323078323910
-0.060925202950
-0.944409083112
0.364762132522
-0.839323380031
-0.403094096226
0.415171246976
-0.858246132731
-0.301738978815
0.459277288057
-0.865823732689
-0.198528679509
0.592903726734
-0.803057788871
-0.059693873705
0.564275029115
-0.807865783107
-0.170136909583
0.627205016557
-0.741381363012
-0.238678741794
0.682718572207
-0.664240803104
-0.304433090606
0.729154086206
-0.577598428819
-0.367034567302
0.425483223516
-0.765277343336
-0.483026515092
0.478627002798
-0.790376329795
-0.382389133597
0.525312483776
-0.804354412016
-0.277598224526
0.585552065168
-0.731360859238
-0.349628477892
0.637507550418
-0.648022446781
-0.416714568532
0.478956604842
-0.679632506799
-0.555607979047
0.535617789719
-0.710993782151
-0.455632993843
0.583676912356
-0.621330759022
-0.522751709586
-0.364762132522
-0.839323380031
0.403094096226
-0.415171246976
-0.858246132731
0.301738978815
-0.459277288057
-0.865823732689
0.198528679509
-0.592903726734
-0.803057788871
0.059693873705
-0.564275029115
-0.807865783107
0.170136909583
-0.627205016557
-0.741381363012
0.238678741794
-0.682718572207
-0.664240803104
0.304433090606
-0.729154086206
-0.577598428819
0.367034567302
-0.425483223516
-0.765277343336
0.483026515092
-0.478627002798
-0.790376329795
0.382389133597
-0.525312483776
-0.804354412016
0.277598224526
-0.585552065168
-0.731360859238
0.349628477892
-0.637507550418
-0.648022446781
0.416714568532
-0.478956604842
-0.679632506799
0.555607979047
-0.535617789719
-0.710993782151
0.455632993843
-0.583676912356
-0.621330759022
0.522751709586
-0.115636280288
-0.993291624188
0.000000000165
-0.228686302132
-0.973500167035
0.000000000333
-0.336579815969
-0.941654940773
0.000000000663
-0.496317009306
-0.862751663104
0.096586717956
-0.394138119488
-0.913016175997
0.105150392934
-0.349606790455
-0.912946501960
0.210484623256
-0.300329438670
-0.900570284559
0.314285524386
-0.246127571062
-0.876125232646
0.414518751668
-0.058448656816
-0.992117180603
0.110847888875
-0.174193911713
-0.978526327385
0.110193955079
-0.286633743452
-0.951865985928
0.108592089711
-0.235923586777
-0.947443142318
0.216082283579
-0.181874556255
-0.929619123570
0.320515102420
0.000000000307
-0.975643967918
0.219360087222
-0.118903221223
-0.968537549090
0.218625341592
-0.060925202950
-0.944409083112
0.323078323910
0.115636280288
0.993291624188
0.000000000165
0.228686302132
0.973500167035
0.000000000333
0.336579815969
0.941654940773
0.000000000663
0.496317009306
0.862751663104
0.096586717956
0.394138119488
0.913016175997
0.105150392934
0.349606790455
0.912946501960
0.210484623256
0.300329438670
0.900570284559
0.314285524386
0.246127571062
0.876125232646
0.414518751668
0.058448656816
0.992117180603
0.110847888875
0.174193911713
0.978526327385
0.110193955079
0.286633743452
0.951865985928
0.108592089711
0.235923586777
0.947443142318
0.216082283579
0.181874556255
0.929619123570
0.320515102420
-0.000000000307
0.975643967918
0.219360087222
0.118903221223
0.968537549090
0.218625341592
0.060925202950
0.944409083112
0.323078323910
-0.403094096124
-0.364762132255
-0.839323380196
-0.301738978609
-0.415171246438
-0.858246133064
-0.198528679099
-0.459277286984
-0.865823733352
0.000000000853
-0.436623134220
-0.899644506827
-0.105150392819
-0.394138119418
-0.913016176041
-0.108592090512
-0.286633742019
-0.951865986268
-0.110193954363
-0.174193911578
-0.978526327490
-0.110847889797
-0.058448657033
-0.992117180488
-0.414518752186
-0.246127571735
-0.876125232212
-0.314285524004
-0.300329438126
-0.900570284873
-0.210484622175
-0.349606791714
-0.912946501727
-0.216082282274
-0.235923585970
-0.947443142817
-0.218625341329
-0.118903220795
-0.968537549202
-0.420035989369
-0.124024527942
-0.898992594021
-0.320515101937
-0.181874556221
-0.929619123744
-0.323078324381
-0.060925203242
-0.944409082932
0.767856228645
-0.590197527962
-0.249125851967
0.716910225585
-0.671761188220
-0.186484944306
0.657805967156
-0.743126261264
-0.122697471015
0.592903725881
-0.803057789399
0.059693875086
0.669425421935
-0.742879266414
0.000000000071
0.735797107069
-0.674267760166
0.062973048436
0.792912526570
-0.596137193953
0.126135527091
0.840001976003
-0.509090665344
0.187678914030
0.840001975702
-0.509090665511
-0.187678914919
0.792912526802
-0.596137193788
-0.126135526413
0.735797105951
-0.674267761402
-0.062973048262
0.801634347441
-0.597814664426
0.000000000807
0.856132891747
-0.512904555038
0.062971335460
0.898992594211
-0.420035988871
-0.124024528250
0.856132891656
-0.512904555247
-0.062971334999
0.906755236737
-0.421657373526
-0.000000000291