92
0.397801922634
0.852789623197
0.338383641620
0.525731112119
0.850650808352
0.000000000000
0.000000000000
0.525731112119
-0.850650808352
-0.525731112119
0.850650808352
0.000000000000
0.000000000000
0.525731112119
0.850650808352
0.850650808352
0.000000000000
0.525731112119
-0.850650808352
0.000000000000
0.525731112119
0.000000000000
-0.525731112119
0.850650808352
-0.850650808352
0.000000000000
-0.525731112119
-0.525731112119
-0.850650808352
0.000000000000
0.850650808352
0.000000000000
-0.525731112119
0.525731112119
-0.850650808352
0.000000000000
0.000000000000
-0.525731112119
-0.850650808352
0.577350269190
0.577350269190
0.577350269190
0.356822089773
0.000000000000
-0.934172358963
-0.577350269190
0.577350269190
-0.577350269190
-0.356822089773
0.000000000000
0.934172358963
0.934172358963
0.356822089773
0.000000000000
0.000000000000
0.934172358963
-0.356822089773
-0.577350269190
0.577350269190
0.577350269190
0.577350269190
-0.577350269190
0.577350269190
-0.934172358963
-0.356822089773
0.000000000000
0.577350269190
0.577350269190
-0.577350269190
0.000000000000
0.934172358963
0.356822089773
-0.577350269190
-0.577350269190
0.577350269190
0.934172358963
-0.356822089773
0.000000000000
0.356822089773
0.000000000000
0.934172358963
-0.356822089773
0.000000000000
-0.934172358963
0.000000000000
-0.934172358963
-0.356822089773
0.577350269190
-0.577350269190
-0.577350269190
0.000000000000
-0.934172358963
0.356822089773
-0.934172358963
0.356822089773
0.000000000000
-0.577350269190
-0.577350269190
-0.577350269190
0.338383641566
0.397801922494
-0.852789623284
-0.397801922634
0.852789623197
-0.338383641620
-0.338383641566
0.397801922494
0.852789623284
0.736185564200
0.643657031472
0.209132591671
-0.188669330823
0.982040673092
-0.000000000086
-0.209132591811
0.736185564114
0.643657031526
0.643657031526
-0.209132591811
0.736185564114
-0.982040673092
-0.000000000086
0.188669330823
0.736185564114
0.643657031526
-0.209132591811
0.209132591671
0.736185564200
0.643657031472
-0.338383641620
-0.397801922634
0.852789623197
0.852789623284
-0.338383641566
0.397801922494
0.338383641620
0.397801922634
0.852789623197
-0.000000000086
-0.188669330823
0.982040673092
0.000000000086
0.188669330823
0.982040673092
-0.397801922494
0.852789623284
0.338383641566
-0.643657031472
0.209132591671
-0.736185564200
-0.852789623197
-0.338383641620
0.397801922634
-0.736185564114
0.643657031526
0.209132591811
-0.852789623197
0.338383641620
-0.397801922634
-0.397801922494
-0.852789623284
-0.338383641566
0.643657031472
0.209132591671
0.736185564200
0.852789623197
-0.338383641620
-0.397801922634
0.397801922494
0.852789623284
-0.338383641566
0.852789623197
0.338383641620
0.397801922634
0.982040673092
-0.000000000086
-0.188669330823
-0.000000000086
0.188669330823
-0.982040673092
0.397801922494
-0.852789623284
0.338383641566
-0.852789623284
0.338383641566
0.397801922494
-0.209132591671
-0.736185564200
0.643657031472
-0.643657031526
0.209132591811
0.736185564114
-0.736185564114
-0.643657031526
-0.209132591811
0.209132591811
-0.736185564114
0.643657031526
-0.643657031472
-0.209132591671
0.736185564200
0.188669330823
-0.982040673092
-0.000000000086
0.982040673092
0.000000000086
0.188669330823
0.338383641566
-0.397801922494
0.852789623284
0.643657031472
-0.209132591671
-0.736185564200
-0.736185564200
-0.643657031472
0.209132591671
0.736185564114
-0.643657031526
0.209132591811
-0.209132591811
-0.736185564114
-0.643657031526
0.209132591811
0.736185564114
-0.643657031526
-0.643657031526
-0.209132591811
-0.736185564114
-0.736185564200
0.643657031472
-0.209132591671
-0.209132591671
0.736185564200
-0.643657031472
0.338383641620
-0.397801922634
-0.852789623197
-0.852789623284
-0.338383641566
-0.397801922494
-0.338383641620
0.397801922634
-0.852789623197
0.852789623284
0.338383641566
-0.397801922494
0.209132591671
-0.736185564200
-0.643657031472
0.643657031526
0.209132591811
-0.736185564114
-0.982040673092
0.000000000086
-0.188669330823
0.000000000086
-0.188669330823
-0.982040673092
0.397801922634
-0.852789623197
-0.338383641620
-0.397801922634
-0.852789623197
0.338383641620
-0.188669330823
-0.982040673092
0.000000000086
0.188669330823
0.982040673092
0.000000000086
-0.338383641566
-0.397801922494
-0.852789623284
0.736185564200
-0.643657031472
-0.209132591671