162
0.436968547758
0.863236476667
0.252747450277
0.587723815348
0.680517994333
0.437579679900
0.525731112119
0.850650808352
0.000000000000
0.000000000000
0.525731112119
-0.850650808352
-0.525731112119
0.850650808352
0.000000000000
0.000000000000
0.525731112119
0.850650808352
0.850650808352
0.000000000000
0.525731112119
-0.850650808352
0.000000000000
0.525731112119
0.000000000000
-0.525731112119
0.850650808352
-0.850650808352
0.000000000000
-0.525731112119
-0.525731112119
-0.850650808352
0.000000000000
0.850650808352
0.000000000000
-0.525731112119
0.525731112119
-0.850650808352
0.000000000000
0.000000000000
-0.525731112119
-0.850650808352
1.000000000000
0.000000000000
0.000000000000
-0.500000000000
-0.309016994375
-0.809016994375
-1.000000000000
0.000000000000
0.000000000000
0.500000000000
-0.309016994375
0.809016994375
0.500000000000
0.309016994375
-0.809016994375
-0.500000000000
0.309016994375
-0.809016994375
-0.500000000000
-0.309016994375
0.809016994375
0.809016994375
-0.500000000000
-0.309016994375
-0.309016994375
-0.809016994375
0.500000000000
-0.309016994375
0.809016994375
-0.500000000000
-0.809016994375
0.500000000000
0.309016994375
0.000000000000
-1.000000000000
0.000000000000
0.809016994375
0.500000000000
-0.309016994375
0.000000000000
1.000000000000
0.000000000000
-0.809016994375
-0.500000000000
0.309016994375
0.809016994375
0.500000000000
0.309016994375
0.309016994375
0.809016994375
-0.500000000000
-0.309016994375
-0.809016994375
-0.500000000000
0.000000000000
0.000000000000
1.000000000000
0.309016994375
0.809016994375
0.500000000000
0.000000000000
0.000000000000
-1.000000000000
0.309016994375
-0.809016994375
0.500000000000
-0.309016994375
0.809016994375
0.500000000000
0.309016994375
-0.809016994375
-0.500000000000
-0.809016994375
0.500000000000
-0.309016994375
-0.809016994375
-0.500000000000
-0.309016994375
0.809016994375
-0.500000000000
0.309016994375
0.500000000000
0.309016994375
0.809016994375
0.500000000000
-0.309016994375
-0.809016994375
-0.500000000000
0.309016994375
0.809016994375
0.252747450135
0.436968547385
-0.863236476898
0.270439114985
0.150144135502
-0.950957109264
-0.436968547758
0.863236476667
-0.252747450277
-0.587723815348
0.680517994333
-0.437579679900
-0.252747450135
0.436968547385
0.863236476898
-0.270439114985
0.150144135502
0.950957109264
0.689715997893
0.707029961914
0.156206514611
0.858162930333
0.513377429385
0.000000000033
-0.280762032774
0.959777412191
-0.000000000230
-0.150144135468
0.950957109285
-0.270439114931
-0.156206514984
0.689715997662
0.707029962056
-0.437579679880
0.587723815402
0.680517994300
0.707029962056
-0.156206514984
0.689715997662
0.680517994300
-0.437579679880
0.587723815402
-0.959777412191
-0.000000000230
0.280762032774
-0.950957109285
-0.270439114931
0.150144135468
0.689715997662
0.707029962056
-0.156206514984
0.587723815402
0.680517994300
-0.437579679880
0.156206514611
0.689715997893
0.707029961914
0.000000000033
0.858162930333
0.513377429385
-0.252747450277
-0.436968547758
0.863236476667
-0.437579679900
-0.587723815348
0.680517994333
0.863236476898
-0.252747450135
0.436968547385
0.950957109264
-0.270439114985
0.150144135502
0.252747450277
0.436968547758
0.863236476667
0.437579679900
0.587723815348
0.680517994333
-0.000000000230
-0.280762032774
0.959777412191
-0.270439114931
-0.150144135468
0.950957109285
0.000000000230
0.280762032774
0.959777412191
0.270439114931
0.150144135468
0.950957109285
-0.436968547385
0.863236476898
0.252747450135
-0.150144135502
0.950957109264
0.270439114985
-0.707029961914
0.156206514611
-0.689715997893
-0.513377429385
0.000000000033
-0.858162930333
-0.863236476667
-0.252747450277
0.436968547758
-0.680517994333
-0.437579679900
0.587723815348
-0.689715997662
0.707029962056
0.156206514984
-0.587723815402
0.680517994300
0.437579679880
-0.863236476667
0.252747450277
-0.436968547758
-0.680517994333
0.437579679900
-0.587723815348
-0.436968547385
-0.863236476898
-0.252747450135
-0.150144135502
-0.950957109264
-0.270439114985
0.707029961914
0.156206514611
0.689715997893
0.513377429385
0.000000000033
0.858162930333
0.863236476667
-0.252747450277
-0.436968547758
0.680517994333
-0.437579679900
-0.587723815348
0.436968547385
0.863236476898
-0.252747450135
0.150144135502
0.950957109264
-0.270439114985
0.863236476667
0.252747450277
0.436968547758
0.680517994333
0.437579679900
0.587723815348
0.959777412191
-0.000000000230
-0.280762032774
0.950957109285
-0.270439114931
-0.150144135468
-0.000000000230
0.280762032774
-0.959777412191
-0.270439114931
0.150144135468
-0.950957109285
0.436968547385
-0.863236476898
0.252747450135
0.150144135502
-0.950957109264
0.270439114985
-0.863236476898
0.252747450135
0.436968547385
-0.950957109264
0.270439114985
0.150144135502
-0.156206514611
-0.689715997893
0.707029961914
-0.000000000033
-0.858162930333
0.513377429385
-0.707029962056
0.156206514984
0.689715997662
-0.680517994300
0.437579679880
0.587723815402
-0.689715997662
-0.707029962056
-0.156206514984
-0.587723815402
-0.680517994300
-0.437579679880
0.156206514984
-0.689715997662
0.707029962056
0.437579679880
-0.587723815402
0.680517994300
-0.707029961914
-0.156206514611
0.689715997893
-0.513377429385
-0.000000000033
0.858162930333
0.280762032774
-0.959777412191
-0.000000000230
0.150144135468
-0.950957109285
-0.270439114931
0.959777412191
0.000000000230
0.280762032774
0.950957109285
0.270439114931
0.150144135468
0.252747450135
-0.436968547385
0.863236476898
0.270439114985
-0.150144135502
0.950957109264
0.707029961914
-0.156206514611
-0.689715997893
0.513377429385
-0.000000000033
-0.858162930333
-0.689715997893
-0.707029961914
0.156206514611
-0.858162930333
-0.513377429385
0.000000000033
0.689715997662
-0.707029962056
0.156206514984
0.587723815402
-0.680517994300
0.437579679880
-0.156206514984
-0.689715997662
-0.707029962056
-0.437579679880
-0.587723815402
-0.680517994300
0.156206514984
0.689715997662
-0.707029962056
0.437579679880
0.587723815402
-0.680517994300
-0.707029962056
-0.156206514984
-0.689715997662
-0.680517994300
-0.437579679880
-0.587723815402
-0.689715997893
0.707029961914
-0.156206514611
-0.858162930333
0.513377429385
-0.000000000033
-0.156206514611
0.689715997893
-0.707029961914
-0.000000000033
0.858162930333
-0.513377429385
0.252747450277
-0.436968547758
-0.863236476667
0.437579679900
-0.587723815348
-0.680517994333
-0.863236476898
-0.252747450135
-0.436968547385
-0.950957109264
-0.270439114985
-0.150144135502
-0.252747450277
0.436968547758
-0.863236476667
-0.437579679900
0.587723815348
-0.680517994333
0.863236476898
0.252747450135
-0.436968547385
0.950957109264
0.270439114985
-0.150144135502
0.156206514611
-0.689715997893
-0.707029961914
0.000000000033
-0.858162930333
-0.513377429385
0.707029962056
0.156206514984
-0.689715997662
0.680517994300
0.437579679880
-0.587723815402
-0.959777412191
0.000000000230
-0.280762032774
-0.950957109285
0.270439114931
-0.150144135468
0.000000000230
-0.280762032774
-0.959777412191
0.270439114931
-0.150144135468
-0.950957109285
0.436968547758
-0.863236476667
-0.252747450277
0.587723815348
-0.680517994333
-0.437579679900
-0.436968547758
-0.863236476667
0.252747450277
-0.587723815348
-0.680517994333
0.437579679900
-0.280762032774
-0.959777412191
0.000000000230
-0.150144135468
-0.950957109285
0.270439114931
0.280762032774
0.959777412191
0.000000000230
0.150144135468
0.950957109285
0.270439114931
-0.252747450135
-0.436968547385
-0.863236476898
-0.270439114985
-0.150144135502
-0.950957109264
0.689715997893
-0.707029961914
-0.156206514611
0.858162930333
-0.513377429385
-0.000000000033

