400
0.201119
0.172007
-0.964347
0.563681
-0.0573058
0.824002
0.69081
-0.459432
0.558305
0.677227
-0.3592
0.642136
0.673655
0.646232
-0.358571
-0.812409
-0.56315
0.151178
-0.644536
-0.687989
0.333532
-0.656335
-0.750313
0.0790897
-0.208674
0.23527
0.949264
-0.842264
0.392715
-0.369279
-0.820549
-0.49556
0.284815
-0.229676
0.79306
0.564185
-0.624373
0.432402
-0.650528
0.79524
0.113161
0.595641
0.0645791
-0.658269
0.750008
0.323798
0.19873
-0.92502
-0.756621
-0.42731
-0.494905
0.391588
-0.665748
0.635169
0.570377
-0.58416
-0.577431
0.792245
-0.461408
-0.399312
0.50815
-0.624951
0.592638
0.411708
0.666182
-0.62185
0.634004
-0.147314
0.759169
-0.194591
-0.822384
0.53462
0.0120401
-0.076477
-0.996999
-0.41551
-0.765487
-0.491306
0.440287
0.158413
-0.883772
0.702166
0.503278
0.503661
0.367059
-0.881218
0.297863
0.885413
-0.363442
0.289748
0.709541
0.209462
-0.672813
-0.962269
-0.223495
-0.155205
0.615066
0.272664
-0.73983
0.595446
-0.477348
0.646207
-0.47212
0.377337
-0.796693
0.485967
-0.184555
-0.854269
0.444053
-0.0936261
0.891095
-0.0747376
0.969504
-0.2334
0.526636
-0.38146
0.759699
-0.791289
-0.193057
0.580165
-0.644145
-0.472519
-0.601501
0.0999169
0.0220501
-0.994751
0.986322
0.119897
0.11311
0.357408
-0.00692693
0.933922
0.171957
-0.702701
0.690393
-0.0213562
-0.948941
-0.31473
-0.731067
0.00351969
-0.682297
-0.631753
-0.295389
0.716682
-0.541921
0.794938
-0.272755
-0.642897
-0.736084
0.21181
-0.649566
0.648757
0.396457
0.249718
0.614652
0.748227
0.637136
0.768736
-0.0557021
-0.814388
0.449962
0.366478
0.287898
-0.706141
-0.6469
-0.475312
-0.456864
-0.7519
0.615157
-0.564888
0.549985
-0.410405
-0.359878
0.837887
-0.909753
-0.260915
-0.322914
0.534645
-0.487818
-0.690064
-0.525665
-0.336804
0.781178
0.819042
-0.148798
0.554102
0.200239
-0.883627
-0.423211
0.635623
-0.688974
-0.348278
-0.84065
-0.12328
-0.52736
-0.0532334
0.745833
0.664002
-0.354888
0.594525
-0.721523
0.603066
-0.269515
-0.750782
-0.027049
-0.853259
-0.520785
0.250469
-0.0738104
0.965307
0.732911
-0.399094
-0.550967
-0.271964
-0.894303
-0.355327
0.462414
-0.00955401
-0.886613
-0.0170998
-0.734005
0.678929
-0.0302965
-0.587756
0.808471
0.728401
-0.665526
-0.162809
0.468222
0.199551
0.860783
0.168632
0.900474
0.400886
-0.035501
0.942779
0.331522
-0.54016
0.724802
-0.427656
0.297254
-0.525638
-0.797085
-0.732041
-0.665441
0.14596
-0.741583
0.56036
0.368852
0.0420458
-0.905669
-0.421895
-0.598873
-0.781315
-0.175779
0.0261313
-0.221111
-0.974898
-0.717462
-0.512318
0.471994
0.790007
-0.463995
0.400748
0.926308
-0.0412023
0.374508
0.452555
0.0726059
0.888776
0.489018
0.325438
-0.809291
-0.507491
0.608342
0.610223
-0.48116
-0.308629
-0.820508
-0.260893
0.253666
-0.931444
0.421291
-0.509042
-0.750593
-0.471989
-0.796645
-0.377601
0.244755
-0.35932
0.900547
-0.444434
-0.762976
0.46941
-0.808431
0.289975
-0.512206
-0.810756
0.20244
0.549265
-0.0483622
-0.621253
-0.782116
-0.609656
-0.385497
-0.692612
-0.513117
0.815923
0.266421
0.530179
-0.746121
-0.402758
0.794143
-0.60199
0.083341
0.449908
-0.563719
0.692679
0.387295
0.680602
0.62192
-0.826432
-0.271552
-0.493223
0.000706212
0.941458
-0.33713
0.642501
-0.664768
0.38115
0.562436
-0.777617
-0.28103
0.101092
-0.632051
-0.768305
0.394966
0.556855
-0.730694
-0.164233
0.890192
0.424954
0.406745
-0.693402
-0.594771
-0.496109
-0.795414
0.348126
-0.12623
0.762496
-0.63456
-0.87039
0.491866
0.0220898
0.906784
0.134938
-0.399417
-0.948279
-0.0981157
-0.301894
-0.538288
-0.524931
-0.659313
0.385734
0.774276
-0.501703
0.390793
0.889569
-0.236533
0.140335
0.396385
-0.907295
-0.259474
-0.864677
0.430125
-0.609639
-0.179442
-0.772101
-0.991421
0.00225323
-0.130687
0.695626
0.122466
0.707889
0.761051
0.613633
0.21037
0.374019
0.590659
0.715005
0.55769
0.725959
0.402449
-0.117669
-0.0355228
-0.992417
-0.677618
0.55457
0.482997
-0.181904
0.724589
0.664742
0.7036
-0.544621
0.456438
-0.225625
-0.951951
-0.20708
-0.366038
-0.912437
-0.182961
-0.22951
-0.542967
-0.807782
0.522868
0.600674
-0.604814
0.217366
-0.938927
-0.266774
-0.766676
-0.185926
-0.614524
-0.151878
-0.824133
-0.545653
0.212847
-0.496481
0.841548
0.777779
-0.380489
0.500288
0.93433
-0.306344
0.182154
0.830698
-0.483082
0.276718
0.0459332
-0.791382
-0.609594
0.190567
0.94521
-0.265071
-0.366232
-0.434729
-0.82273
-0.606494
0.733302
0.3073
0.720101
0.438116
-0.53806
0.419124
-0.769501
-0.481875
-0.819628
0.496924
-0.285088
0.724086
0.0495661
-0.687926
-0.680756
-0.249245
-0.688802
-0.18101
0.630437
0.754841
-0.201851
0.933344
0.296858
-0.654998
0.231135
0.719412
-0.218648
-0.319579
-0.921988
-0.616178
0.5189
0.592509
-0.654319
0.553107
-0.515693
0.937448
0.202156
0.283415
0.227716
-0.813692
0.534837
-0.233453
-0.192712
-0.95308
-0.115913
-0.892532
0.435834
0.596608
0.739573
-0.311593
0.579583
0.183036
0.794091
0.117305
0.361831
0.924834
-0.709024
0.438639
-0.552159
-0.471086
0.148492
-0.869499
-0.913911
-0.342075
-0.218522
0.696587
0.556589
-0.452742
-0.423334
-0.567613
-0.706119
-0.848489
-0.524391
-0.0712825
0.272806
0.570578
-0.774608
0.919201
0.393678
0.00928486
0.558586
-0.675114
0.481875
0.506385
0.80443
0.31059
0.807217
-0.518216
-0.282583
-0.516927
0.469835
-0.715571
-0.497396
-0.676469
-0.543127
0.886643
-0.290544
-0.359789
0.497292
0.315426
0.808212
-0.647232
-0.61914
0.444698
-0.536548
-0.648559
0.539895
-0.800234
0.597235
0.0541883
-0.753109
0.133835
0.644139
0.691562
-0.190889
-0.696637
0.332159
-0.890782
-0.310125
0.349549
0.225879
0.909282
0.090958
-0.964879
-0.246445
-0.390107
-0.868804
-0.304952
-0.719697
-0.312113
0.620179
-0.371778
0.780061
-0.503274
0.0442026
0.464285
0.884582
0.208605
-0.19887
0.957567
-0.300608
0.319127
0.898773
-0.0494283
-0.170752
0.984073
-0.166686
-0.506659
0.84588
0.782275
0.40313
0.474903
0.934119
-0.262114
-0.242319
-0.730059
0.440351
0.522595
0.500909
0.482889
-0.718268
0.884444
-0.466626
0.00437077
0.597598
0.627612
-0.498979
-0.717195
-0.586801
-0.375894
-0.767588
0.490196
-0.412937
0.728399
-0.622779
-0.285625
-0.00418484
-0.815965
0.578086
0.839687
0.411428
0.354474
-0.881697
0.380501
0.27898
0.616952
0.505334
0.603331
-0.0113905
-0.98582
-0.167419
0.509642
-0.385061
-0.769411
0.921261
-0.165675
-0.351895
0.698396
0.639408
0.321559
0.687575
0.686876
-0.235461
0.706469
-0.30614
-0.638106
-0.525505
0.502738
0.686367
0.212004
0.858233
-0.46743
0.595373
-0.802163
0.0454483
-0.28067
0.940645
0.190819
0.919223
-0.383279
-0.0901441
-0.698047
0.598615
-0.392927
-0.623008
-0.551526
0.55469
0.136404
0.741254
0.657218
0.339124
0.769841
0.540685
-0.475859
-0.235919
0.84729
0.271093
-0.413702
-0.869114
-0.811224
0.360254
0.460579
0.205804
-0.604986
0.769179
-0.998285
0.0474838
0.0342284
0.149723
-0.980051
-0.130703
-0.31559
0.361165
-0.877475
-0.940885
0.33084
-0.07267
0.678664
-0.0639219
-0.731662
-0.761239
0.216173
-0.611379
0.959789
-0.280134
-0.0181748
0.161008
-0.730863
-0.663261
-0.238528
0.959808
-0.147896
-0.382413
0.482894
0.787765
-0.303432
0.855545
-0.41949
-0.540472
0.727878
0.422
0.466797
-0.593118
-0.655982
0.0976977
-0.5562
0.825286
-0.903771
-0.0753988
-0.421324
-0.567765
0.544989
-0.616953
-0.183455
-0.746187
0.63996
-0.392536
-0.678612
-0.620808
-0.632065
-0.615131
-0.471284
0.168836
-0.985188
0.0299837
0.620476
-0.630738
-0.466024
0.851462
0.303358
0.42777
0.615283
0.0568431
0.786254
-0.419121
0.577606
0.700506
0.716661
-0.568114
-0.404529
-0.215699
-0.378005
0.900325
0.826112
0.21593
0.520493
0.560955
0.805356
0.191656
-0.469399
-0.875271
0.116468
0.280276
-0.959252
-0.0358068
0.512238
-0.685248
-0.517733
-0.865268
0.243091
0.438426
-0.848527
-0.354373
-0.392966
-0.55816
0.640284
-0.527725
-0.684118
-0.727902
-0.0462642
0.0393034
0.8745
-0.483431
0.330082
-0.5948
0.732979
-0.15898
0.897656
-0.411022
-0.308805
-0.763725
-0.566889
0.085249
0.955276
0.283161
-0.301287
0.580634
0.756366
-0.59797
-0.467063
0.651371
0.593403
-0.144239
-0.791876
-0.658171
0.0919262
-0.747235
-0.737311
0.662751
-0.130893
-0.503847
-0.825562
-0.254136
0.80047
0.347579
-0.488299
-0.755799
0.319796
0.5714
-0.079484
-0.766181
-0.63769
-0.24611
-0.218483
0.944296
0.780286
0.460717
-0.422958
-0.704062
0.332344
-0.627571
-0.701906
0.669885
0.242038
-0.353846
0.761457
0.543117
0.0147976
-0.707375
-0.706683
-0.420409
-0.697971
0.579735
0.983917
-0.050134
0.171446
0.508998
0.757597
-0.408616
0.763628
0.553819
-0.331898
0.603361
0.794614
0.0674096
0.26262
0.707299
0.656322
0.323141
-0.842536
-0.430945
0.783597
0.621268
-0.00138662
0.736699
-0.586151
0.337197
-0.694588
-0.664887
-0.274723
-0.813265
-0.0637576
0.57839
0.489151
-0.768023
0.413367
0.245861
-0.909513
0.33517
0.288981
-0.787009
-0.545074
0.701816
0.710939
0.0449429
-0.294608
-0.648751
-0.701661
-0.0609738
0.530017
0.845792
-0.0516311
0.636322
0.769693
-0.172116
-0.642428
-0.746768
-0.42653
0.790995
0.438633
0.810509
-0.563341
-0.160382
0.232071
0.507551
0.82978
0.489762
0.697944
-0.522502
-0.141416
0.987774
-0.0656025
-0.357375
0.676997
0.643396
-0.772049
-0.627728
-0.0994925
-0.0830118
0.822241
0.563053
0.0233624
-0.399756
-0.916324
-0.27696
0.958943
0.0610093
-0.489026
0.40906
0.770405
-0.351394
-0.631103
0.691543
-0.696916
-0.432362
0.572164
-0.203961
-0.728483
-0.653998
0.596865
0.495511
-0.631048
0.78441
-0.618606
-0.0450344
0.423177
0.790143
0.443389
-0.556875
-0.711715
0.428196
0.868603
0.460585
0.182732
0.0968739
0.564783
0.819533
-0.265157
0.537293
-0.80063
-0.0218542
0.88441
0.4662
-0.784102
-0.361247
0.504663
0.614508
-0.383681
-0.689325
0.232356
0.472318
-0.850251
0.873696
-0.131974
-0.468229
0.0973822
0.978725
-0.180595
0.0723602
0.996597
0.0394692
-0.930212
0.0608866
0.361937
0.666404
-0.741649
-0.0765721
0.832658
-0.261159
0.488341
0.428399
-0.465179
0.77465
-0.471771
0.0672696
0.879151
-0.801954
-0.440923
0.403059
-0.10128
0.96967
0.222448
-0.582856
0.342167
-0.737021
-0.844516
0.489962
0.21617
0.279254
-0.73103
0.622585
-0.981888
0.147235
0.119238
0.780244
-0.587834
0.213706
0.0565817
-0.982257
0.178798
-0.595744
0.346694
0.724495
-0.205133
0.408023
0.889628
-0.500815
-0.182204
-0.846159
-0.134058
-0.286071
0.948784
-0.404379
0.854522
0.325991
0.273295
0.846335
0.457195
0.51264
0.579693
0.633369
0.213673
-0.166869
-0.962548
0.780621
0.537982
0.31813
-0.194441
-0.967296
0.162884
0.368296
-0.199037
0.908153
-0.580278
0.637708
0.506563
0.213289
0.796393
0.56592
0.484208
0.695917
0.530323
-0.791336
-0.478392
-0.380694
-0.905039
-0.425276
-0.00666988
-0.470496
0.705309
0.530258
-0.753037
-0.604463
0.259922
0.766929
-0.0778498
-0.636992
-0.363742
-0.314723
-0.876722
-0.190719
0.523129
0.83064
-0.474665
-0.598391
0.645462
-0.519885
0.257664
-0.81445
0.190573
-0.955379
0.225685
-0.372443
0.463367
-0.8041
0.729066
0.320114
-0.604971
-0.800498
-0.598781
0.0257683
0.968197
-0.180066
0.173698
-0.282318
0.689684
-0.666808
-0.487566
0.195361
0.850949
0.640212
-0.47736
-0.601877
-0.287534
0.87917
0.379978
-0.555024
-0.711495
-0.430956
-0.294332
-0.494886
0.817592
0.44544
-0.72314
0.527874
-0.668286
0.397342
0.628898
0.998141
-0.0445599
0.0415892
-0.141475
-0.949041
0.281615
0.121286
-0.787274
0.604557
-0.87382
0.00474402
0.486225
0.604584
0.605498
0.517543
0.362636
-0.381606
0.850219
0.349614
-0.610127
-0.710996
-0.944688
-0.322155
0.0614918
-0.380063
-0.840426
0.386312
0.899994
-0.16542
0.403294
0.743865
0.657341
-0.120696
-0.121078
-0.672335
0.730278
0.162456
-0.815502
-0.555487
0.0721297
0.666611
0.741907
0.323742
0.882735
0.340543
-0.0168657
-0.94629
0.32288
0.3931
-0.406194
-0.824911
0.616181
0.733909
0.28583