252
0.604767771438
0.771604927683
0.197184629738
0.452137904242
0.816696662850
0.358577573807
0.569200002264
0.666472070725
0.481483474655
0.738110863238
0.563819118597
0.370540625403
0.525731112119
0.850650808352
0.000000000000
0.000000000000
0.525731112119
-0.850650808352
-0.525731112119
0.850650808352
0.000000000000
0.000000000000
0.525731112119
0.850650808352
0.850650808352
0.000000000000
0.525731112119
-0.850650808352
0.000000000000
0.525731112119
0.000000000000
-0.525731112119
0.850650808352
-0.850650808352
0.000000000000
-0.525731112119
-0.525731112119
-0.850650808352
0.000000000000
0.850650808352
0.000000000000
-0.525731112119
0.525731112119
-0.850650808352
0.000000000000
0.000000000000
-0.525731112119
-0.850650808352
0.095580866367
0.338765665546
-0.936003270204
0.316399546961
0.341714396380
-0.884942143866
0.310879508505
0.122553020267
-0.942515086572
0.104947920838
0.042780135524
-0.993557141747
-0.604767771438
0.771604927683
-0.197184629738
-0.452137904242
0.816696662850
-0.358577573807
-0.569200002264
0.666472070725
-0.481483474655
-0.738110863238
0.563819118597
-0.370540625403
-0.095580866367
0.338765665546
0.936003270204
-0.316399546961
0.341714396380
0.884942143866
-0.310879508505
0.122553020267
0.942515086572
-0.104947920838
0.042780135524
0.993557141747
0.700348637804
0.712532703595
-0.042531539283
0.768537451203
0.621150988803
0.153367647201
0.880079510769
0.474337968063
0.021530136512
0.843058784076
0.498957736470
-0.200731322438
-0.381297204829
0.909717333333
-0.164398342520
-0.188346749179
0.979728562610
-0.068245481016
-0.101022883756
0.955821442718
-0.276043015847
-0.243511457962
0.869498361873
-0.429738023150
-0.223470566609
0.535950295284
0.814136466966
-0.263791155063
0.700291970187
0.663329015649
-0.468177118509
0.604036494922
0.644941934213
-0.494599405277
0.413320760926
0.764550441035
0.814136466966
-0.223470566609
0.535950295284
0.663329015649
-0.263791155063
0.700291970187
0.644941934213
-0.468177118509
0.604036494922
0.764550441035
-0.494599405277
0.413320760926
-0.909717333333
-0.164398342520
0.381297204829
-0.979728562610
-0.068245481016
0.188346749179
-0.955821442718
-0.276043015847
0.101022883756
-0.869498361873
-0.429738023150
0.243511457962
0.535950295284
0.814136466966
-0.223470566609
0.700291970187
0.663329015649
-0.263791155063
0.604036494922
0.644941934213
-0.468177118509
0.413320760926
0.764550441035
-0.494599405277
-0.042531539283
0.700348637804
0.712532703595
0.153367647201
0.768537451203
0.621150988803
0.021530136512
0.880079510769
0.474337968063
-0.200731322438
0.843058784076
0.498957736470
-0.197184629738
-0.604767771438
0.771604927683
-0.358577573807
-0.452137904242
0.816696662850
-0.481483474655
-0.569200002264
0.666472070725
-0.370540625403
-0.738110863238
0.563819118597
0.936003270204
-0.095580866367
0.338765665546
0.884942143866
-0.316399546961
0.341714396380
0.942515086572
-0.310879508505
0.122553020267
0.993557141747
-0.104947920838
0.042780135524
0.197184629738
0.604767771438
0.771604927683
0.358577573807
0.452137904242
0.816696662850
0.481483474655
0.569200002264
0.666472070725
0.370540625403
0.738110863238
0.563819118597
-0.164398342520
-0.381297204829
0.909717333333
-0.068245481016
-0.188346749179
0.979728562610
-0.276043015847
-0.101022883756
0.955821442718
-0.429738023150
-0.243511457962
0.869498361873
0.164398342520
0.381297204829
0.909717333333
0.068245481016
0.188346749179
0.979728562610
0.276043015847
0.101022883756
0.955821442718
0.429738023150
0.243511457962
0.869498361873
-0.338765665546
0.936003270204
0.095580866367
-0.341714396380
0.884942143866
0.316399546961
-0.122553020267
0.942515086572
0.310879508505
-0.042780135524
0.993557141747
0.104947920838
-0.712532703595
-0.042531539283
-0.700348637804
-0.621150988803
0.153367647201
-0.768537451203
-0.474337968063
0.021530136512
-0.880079510769
-0.498957736470
-0.200731322438
-0.843058784076
-0.771604927683
-0.197184629738
0.604767771438
-0.816696662850
-0.358577573807
0.452137904242
-0.666472070725
-0.481483474655
0.569200002264
-0.563819118597
-0.370540625403
0.738110863238
-0.535950295284
0.814136466966
0.223470566609
-0.700291970187
0.663329015649
0.263791155063
-0.604036494922
0.644941934213
0.468177118509
-0.413320760926
0.764550441035
0.494599405277
-0.771604927683
0.197184629738
-0.604767771438
-0.816696662850
0.358577573807
-0.452137904242
-0.666472070725
0.481483474655
-0.569200002264
-0.563819118597
0.370540625403
-0.738110863238
-0.338765665546
-0.936003270204
-0.095580866367
-0.341714396380
-0.884942143866
-0.316399546961
-0.122553020267
-0.942515086572
-0.310879508505
-0.042780135524
-0.993557141747
-0.104947920838
0.712532703595
-0.042531539283
0.700348637804
0.621150988803
0.153367647201
0.768537451203
0.474337968063
0.021530136512
0.880079510769
0.498957736470
-0.200731322438
0.843058784076
0.771604927683
-0.197184629738
-0.604767771438
0.816696662850
-0.358577573807
-0.452137904242
0.666472070725
-0.481483474655
-0.569200002264
0.563819118597
-0.370540625403
-0.738110863238
0.338765665546
0.936003270204
-0.095580866367
0.341714396380
0.884942143866
-0.316399546961
0.122553020267
0.942515086572
-0.310879508505
0.042780135524
0.993557141747
-0.104947920838
0.771604927683
0.197184629738
0.604767771438
0.816696662850
0.358577573807
0.452137904242
0.666472070725
0.481483474655
0.569200002264
0.563819118597
0.370540625403
0.738110863238
0.909717333333
-0.164398342520
-0.381297204829
0.979728562610
-0.068245481016
-0.188346749179
0.955821442718
-0.276043015847
-0.101022883756
0.869498361873
-0.429738023150
-0.243511457962
-0.164398342520
0.381297204829
-0.909717333333
-0.068245481016
0.188346749179
-0.979728562610
-0.276043015847
0.101022883756
-0.955821442718
-0.429738023150
0.243511457962
-0.869498361873
0.338765665546
-0.936003270204
0.095580866367
0.341714396380
-0.884942143866
0.316399546961
0.122553020267
-0.942515086572
0.310879508505
0.042780135524
-0.993557141747
0.104947920838
-0.936003270204
0.095580866367
0.338765665546
-0.884942143866
0.316399546961
0.341714396380
-0.942515086572
0.310879508505
0.122553020267
-0.993557141747
0.104947920838
0.042780135524
0.042531539283
-0.700348637804
0.712532703595
-0.153367647201
-0.768537451203
0.621150988803
-0.021530136512
-0.880079510769
0.474337968063
0.200731322438
-0.843058784076
0.498957736470
-0.814136466966
0.223470566609
0.535950295284
-0.663329015649
0.263791155063
0.700291970187
-0.644941934213
0.468177118509
0.604036494922
-0.764550441035
0.494599405277
0.413320760926
-0.535950295284
-0.814136466966
-0.223470566609
-0.700291970187
-0.663329015649
-0.263791155063
-0.604036494922
-0.644941934213
-0.468177118509
-0.413320760926
-0.764550441035
-0.494599405277
0.223470566609
-0.535950295284
0.814136466966
0.263791155063
-0.700291970187
0.663329015649
0.468177118509
-0.604036494922
0.644941934213
0.494599405277
-0.413320760926
0.764550441035
-0.712532703595
0.042531539283
0.700348637804
-0.621150988803
-0.153367647201
0.768537451203
-0.474337968063
-0.021530136512
0.880079510769
-0.498957736470
0.200731322438
0.843058784076
0.381297204829
-0.909717333333
-0.164398342520
0.188346749179
-0.979728562610
-0.068245481016
0.101022883756
-0.955821442718
-0.276043015847
0.243511457962
-0.869498361873
-0.429738023150
0.909717333333
0.164398342520
0.381297204829
0.979728562610
0.068245481016
0.188346749179
0.955821442718
0.276043015847
0.101022883756
0.869498361873
0.429738023150
0.243511457962
0.095580866367
-0.338765665546
0.936003270204
0.316399546961
-0.341714396380
0.884942143866
0.310879508505
-0.122553020267
0.942515086572
0.104947920838
-0.042780135524
0.993557141747
0.712532703595
0.042531539283
-0.700348637804
0.621150988803
-0.153367647201
-0.768537451203
0.474337968063
-0.021530136512
-0.880079510769
0.498957736470
0.200731322438
-0.843058784076
-0.700348637804
-0.712532703595
-0.042531539283
-0.768537451203
-0.621150988803
0.153367647201
-0.880079510769
-0.474337968063
0.021530136512
-0.843058784076
-0.498957736470
-0.200731322438
0.535950295284
-0.814136466966
0.223470566609
0.700291970187
-0.663329015649
0.263791155063
0.604036494922
-0.644941934213
0.468177118509
0.413320760926
-0.764550441035
0.494599405277
-0.223470566609
-0.535950295284
-0.814136466966
-0.263791155063
-0.700291970187
-0.663329015649
-0.468177118509
-0.604036494922
-0.644941934213
-0.494599405277
-0.413320760926
-0.764550441035
0.223470566609
0.535950295284
-0.814136466966
0.263791155063
0.700291970187
-0.663329015649
0.468177118509
0.604036494922
-0.644941934213
0.494599405277
0.413320760926
-0.764550441035
-0.814136466966
-0.223470566609
-0.535950295284
-0.663329015649
-0.263791155063
-0.700291970187
-0.644941934213
-0.468177118509
-0.604036494922
-0.764550441035
-0.494599405277
-0.413320760926
-0.700348637804
0.712532703595
0.042531539283
-0.768537451203
0.621150988803
-0.153367647201
-0.880079510769
0.474337968063
-0.021530136512
-0.843058784076
0.498957736470
0.200731322438
0.042531539283
0.700348637804
-0.712532703595
-0.153367647201
0.768537451203
-0.621150988803
-0.021530136512
0.880079510769
-0.474337968063
0.200731322438
0.843058784076
-0.498957736470
0.197184629738
-0.604767771438
-0.771604927683
0.358577573807
-0.452137904242
-0.816696662850
0.481483474655
-0.569200002264
-0.666472070725
0.370540625403
-0.738110863238
-0.563819118597
-0.936003270204
-0.095580866367
-0.338765665546
-0.884942143866
-0.316399546961
-0.341714396380
-0.942515086572
-0.310879508505
-0.122553020267
-0.993557141747
-0.104947920838
-0.042780135524
-0.197184629738
0.604767771438
-0.771604927683
-0.358577573807
0.452137904242
-0.816696662850
-0.481483474655
0.569200002264
-0.666472070725
-0.370540625403
0.738110863238
-0.563819118597
0.936003270204
0.095580866367
-0.338765665546
0.884942143866
0.316399546961
-0.341714396380
0.942515086572
0.310879508505
-0.122553020267
0.993557141747
0.104947920838
-0.042780135524
-0.042531539283
-0.700348637804
-0.712532703595
0.153367647201
-0.768537451203
-0.621150988803
0.021530136512
-0.880079510769
-0.474337968063
-0.200731322438
-0.843058784076
-0.498957736470
0.814136466966
0.223470566609
-0.535950295284
0.663329015649
0.263791155063
-0.700291970187
0.644941934213
0.468177118509
-0.604036494922
0.764550441035
0.494599405277
-0.413320760926
-0.909717333333
0.164398342520
-0.381297204829
-0.979728562610
0.068245481016
-0.188346749179
-0.955821442718
0.276043015847
-0.101022883756
-0.869498361873
0.429738023150
-0.243511457962
0.164398342520
-0.381297204829
-0.909717333333
0.068245481016
-0.188346749179
-0.979728562610
0.276043015847
-0.101022883756
-0.955821442718
0.429738023150
-0.243511457962
-0.869498361873
0.604767771438
-0.771604927683
-0.197184629738
0.452137904242
-0.816696662850
-0.358577573807
0.569200002264
-0.666472070725
-0.481483474655
0.738110863238
-0.563819118597
-0.370540625403
-0.604767771438
-0.771604927683
0.197184629738
-0.452137904242
-0.816696662850
0.358577573807
-0.569200002264
-0.666472070725
0.481483474655
-0.738110863238
-0.563819118597
0.370540625403
-0.381297204829
-0.909717333333
0.164398342520
-0.188346749179
-0.979728562610
0.068245481016
-0.101022883756
-0.955821442718
0.276043015847
-0.243511457962
-0.869498361873
0.429738023150
0.381297204829
0.909717333333
0.164398342520
0.188346749179
0.979728562610
0.068245481016
0.101022883756
0.955821442718
0.276043015847
0.243511457962
0.869498361873
0.429738023150
-0.095580866367
-0.338765665546
-0.936003270204
-0.316399546961
-0.341714396380
-0.884942143866
-0.310879508505
-0.122553020267
-0.942515086572
-0.104947920838
-0.042780135524
-0.993557141747
0.700348637804
-0.712532703595
0.042531539283
0.768537451203
-0.621150988803
-0.153367647201
0.880079510769
-0.474337968063
-0.021530136512
0.843058784076
-0.498957736470
0.200731322438