330
0.564122226089
0.772204305121
0.292346755043
0.627333426848
0.771395682513
0.106777678186
0.714240901121
0.657307380198
0.240430744920
0.648497414899
0.632564032595
0.423454658183
0.488246524739
0.735723216746
0.469389688234
1.000000000000
0.000000000000
0.000000000000
-0.500000000000
-0.309016994375
-0.809016994375
-1.000000000000
0.000000000000
0.000000000000
0.500000000000
-0.309016994375
0.809016994375
0.500000000000
0.309016994375
-0.809016994375
-0.500000000000
0.309016994375
-0.809016994375
-0.500000000000
-0.309016994375
0.809016994375
0.809016994375
-0.500000000000
-0.309016994375
-0.309016994375
-0.809016994375
0.500000000000
-0.309016994375
0.809016994375
-0.500000000000
-0.809016994375
0.500000000000
0.309016994375
0.000000000000
-1.000000000000
0.000000000000
0.809016994375
0.500000000000
-0.309016994375
0.000000000000
1.000000000000
0.000000000000
-0.809016994375
-0.500000000000
0.309016994375
0.809016994375
0.500000000000
0.309016994375
0.309016994375
0.809016994375
-0.500000000000
-0.309016994375
-0.809016994375
-0.500000000000
0.000000000000
0.000000000000
1.000000000000
0.309016994375
0.809016994375
0.500000000000
0.000000000000
0.000000000000
-1.000000000000
0.309016994375
-0.809016994375
0.500000000000
-0.309016994375
0.809016994375
0.500000000000
0.309016994375
-0.809016994375
-0.500000000000
-0.809016994375
0.500000000000
-0.309016994375
-0.809016994375
-0.500000000000
-0.309016994375
0.809016994375
-0.500000000000
0.309016994375
0.500000000000
0.309016994375
0.809016994375
0.500000000000
-0.309016994375
-0.809016994375
-0.500000000000
0.309016994375
0.809016994375
0.193076633447
0.304229673685
-0.932826735930
0.011092618132
0.376826687412
-0.926217361896
0.040511259059
0.190844892124
-0.980783903334
0.213806343470
0.099631001296
-0.971782131485
0.362971949527
0.209641267798
-0.907910734981
-0.564122226089
0.772204305121
-0.292346755043
-0.627333426848
0.771395682513
-0.106777678186
-0.714240901121
0.657307380198
-0.240430744920
-0.648497414899
0.632564032595
-0.423454658183
-0.488246524739
0.735723216746
-0.469389688234
-0.193076633447
0.304229673685
0.932826735930
-0.011092618132
0.376826687412
0.926217361896
-0.040511259059
0.190844892124
0.980783903334
-0.213806343470
0.099631001296
0.971782131485
-0.362971949527
0.209641267798
0.907910734981
0.757198859537
0.652876383218
0.020057800308
0.638426044980
0.764540067483
-0.088829445024
0.754752160181
0.632270045172
-0.174882150835
0.862303758369
0.500424445320
-0.077508727438
0.851218474266
0.511394214976
0.117911263063
-0.284171873377
0.945223138260
-0.160622430809
-0.465656132436
0.871317745669
-0.154821679382
-0.365727042959
0.872700790092
-0.323476523137
-0.177139728734
0.923879103503
-0.339218098890
-0.091730004735
0.980783903210
-0.172187518234
-0.279950352712
0.596576428728
0.752146504813
-0.161677294412
0.483604365598
0.860225127537
-0.348513858162
0.431275637044
0.832189531033
-0.471357686165
0.523085659479
0.710072760033
-0.396516520005
0.679030956032
0.617811953683
0.752146504813
-0.279950352712
0.596576428728
0.860225127537
-0.161677294412
0.483604365598
0.832189531033
-0.348513858162
0.431275637044
0.710072760033
-0.471357686165
0.523085659479
0.617811953683
-0.396516520005
0.679030956032
-0.945223138260
-0.160622430809
0.284171873377
-0.871317745669
-0.154821679382
0.465656132436
-0.872700790092
-0.323476523137
0.365727042959
-0.923879103503
-0.339218098890
0.177139728734
-0.980783903210
-0.172187518234
0.091730004735
0.596576428728
0.752146504813
-0.279950352712
0.483604365598
0.860225127537
-0.161677294412
0.431275637044
0.832189531033
-0.348513858162
0.523085659479
0.710072760033
-0.471357686165
0.679030956032
0.617811953683
-0.396516520005
0.020057800308
0.757198859537
0.652876383218
-0.088829445024
0.638426044980
0.764540067483
-0.174882150835
0.754752160181
0.632270045172
-0.077508727438
0.862303758369
0.500424445320
0.117911263063
0.851218474266
0.511394214976
-0.292346755043
-0.564122226089
0.772204305121
-0.106777678186
-0.627333426848
0.771395682513
-0.240430744920
-0.714240901121
0.657307380198
-0.423454658183
-0.648497414899
0.632564032595
-0.469389688234
-0.488246524739
0.735723216746
0.932826735930
-0.193076633447
0.304229673685
0.926217361896
-0.011092618132
0.376826687412
0.980783903334
-0.040511259059
0.190844892124
0.971782131485
-0.213806343470
0.099631001296
0.907910734981
-0.362971949527
0.209641267798
0.292346755043
0.564122226089
0.772204305121
0.106777678186
0.627333426848
0.771395682513
0.240430744920
0.714240901121
0.657307380198
0.423454658183
0.648497414899
0.632564032595
0.469389688234
0.488246524739
0.735723216746
-0.160622430809
-0.284171873377
0.945223138260
-0.154821679382
-0.465656132436
0.871317745669
-0.323476523137
-0.365727042959
0.872700790092
-0.339218098890
-0.177139728734
0.923879103503
-0.172187518234
-0.091730004735
0.980783903210
0.160622430809
0.284171873377
0.945223138260
0.154821679382
0.465656132436
0.871317745669
0.323476523137
0.365727042959
0.872700790092
0.339218098890
0.177139728734
0.923879103503
0.172187518234
0.091730004735
0.980783903210
-0.304229673685
0.932826735930
0.193076633447
-0.376826687412
0.926217361896
0.011092618132
-0.190844892124
0.980783903334
0.040511259059
-0.099631001296
0.971782131485
0.213806343470
-0.209641267798
0.907910734981
0.362971949527
-0.652876383218
0.020057800308
-0.757198859537
-0.764540067483
-0.088829445024
-0.638426044980
-0.632270045172
-0.174882150835
-0.754752160181
-0.500424445320
-0.077508727438
-0.862303758369
-0.511394214976
0.117911263063
-0.851218474266
-0.772204305121
-0.292346755043
0.564122226089
-0.771395682513
-0.106777678186
0.627333426848
-0.657307380198
-0.240430744920
0.714240901121
-0.632564032595
-0.423454658183
0.648497414899
-0.735723216746
-0.469389688234
0.488246524739
-0.596576428728
0.752146504813
0.279950352712
-0.483604365598
0.860225127537
0.161677294412
-0.431275637044
0.832189531033
0.348513858162
-0.523085659479
0.710072760033
0.471357686165
-0.679030956032
0.617811953683
0.396516520005
-0.772204305121
0.292346755043
-0.564122226089
-0.771395682513
0.106777678186
-0.627333426848
-0.657307380198
0.240430744920
-0.714240901121
-0.632564032595
0.423454658183
-0.648497414899
-0.735723216746
0.469389688234
-0.488246524739
-0.304229673685
-0.932826735930
-0.193076633447
-0.376826687412
-0.926217361896
-0.011092618132
-0.190844892124
-0.980783903334
-0.040511259059
-0.099631001296
-0.971782131485
-0.213806343470
-0.209641267798
-0.907910734981
-0.362971949527
0.652876383218
0.020057800308
0.757198859537
0.764540067483
-0.088829445024
0.638426044980
0.632270045172
-0.174882150835
0.754752160181
0.500424445320
-0.077508727438
0.862303758369
0.511394214976
0.117911263063
0.851218474266
0.772204305121
-0.292346755043
-0.564122226089
0.771395682513
-0.106777678186
-0.627333426848
0.657307380198
-0.240430744920
-0.714240901121
0.632564032595
-0.423454658183
-0.648497414899
0.735723216746
-0.469389688234
-0.488246524739
0.304229673685
0.932826735930
-0.193076633447
0.376826687412
0.926217361896
-0.011092618132
0.190844892124
0.980783903334
-0.040511259059
0.099631001296
0.971782131485
-0.213806343470
0.209641267798
0.907910734981
-0.362971949527
0.772204305121
0.292346755043
0.564122226089
0.771395682513
0.106777678186
0.627333426848
0.657307380198
0.240430744920
0.714240901121
0.632564032595
0.423454658183
0.648497414899
0.735723216746
0.469389688234
0.488246524739
0.945223138260
-0.160622430809
-0.284171873377
0.871317745669
-0.154821679382
-0.465656132436
0.872700790092
-0.323476523137
-0.365727042959
0.923879103503
-0.339218098890
-0.177139728734
0.980783903210
-0.172187518234
-0.091730004735
-0.160622430809
0.284171873377
-0.945223138260
-0.154821679382
0.465656132436
-0.871317745669
-0.323476523137
0.365727042959
-0.872700790092
-0.339218098890
0.177139728734
-0.923879103503
-0.172187518234
0.091730004735
-0.980783903210
0.304229673685
-0.932826735930
0.193076633447
0.376826687412
-0.926217361896
0.011092618132
0.190844892124
-0.980783903334
0.040511259059
0.099631001296
-0.971782131485
0.213806343470
0.209641267798
-0.907910734981
0.362971949527
-0.932826735930
0.193076633447
0.304229673685
-0.926217361896
0.011092618132
0.376826687412
-0.980783903334
0.040511259059
0.190844892124
-0.971782131485
0.213806343470
0.099631001296
-0.907910734981
0.362971949527
0.209641267798
-0.020057800308
-0.757198859537
0.652876383218
0.088829445024
-0.638426044980
0.764540067483
0.174882150835
-0.754752160181
0.632270045172
0.077508727438
-0.862303758369
0.500424445320
-0.117911263063
-0.851218474266
0.511394214976
-0.752146504813
0.279950352712
0.596576428728
-0.860225127537
0.161677294412
0.483604365598
-0.832189531033
0.348513858162
0.431275637044
-0.710072760033
0.471357686165
0.523085659479
-0.617811953683
0.396516520005
0.679030956032
-0.596576428728
-0.752146504813
-0.279950352712
-0.483604365598
-0.860225127537
-0.161677294412
-0.431275637044
-0.832189531033
-0.348513858162
-0.523085659479
-0.710072760033
-0.471357686165
-0.679030956032
-0.617811953683
-0.396516520005
0.279950352712
-0.596576428728
0.752146504813
0.161677294412
-0.483604365598
0.860225127537
0.348513858162
-0.431275637044
0.832189531033
0.471357686165
-0.523085659479
0.710072760033
0.396516520005
-0.679030956032
0.617811953683
-0.652876383218
-0.020057800308
0.757198859537
-0.764540067483
0.088829445024
0.638426044980
-0.632270045172
0.174882150835
0.754752160181
-0.500424445320
0.077508727438
0.862303758369
-0.511394214976
-0.117911263063
0.851218474266
0.284171873377
-0.945223138260
-0.160622430809
0.465656132436
-0.871317745669
-0.154821679382
0.365727042959
-0.872700790092
-0.323476523137
0.177139728734
-0.923879103503
-0.339218098890
0.091730004735
-0.980783903210
-0.172187518234
0.945223138260
0.160622430809
0.284171873377
0.871317745669
0.154821679382
0.465656132436
0.872700790092
0.323476523137
0.365727042959
0.923879103503
0.339218098890
0.177139728734
0.980783903210
0.172187518234
0.091730004735
0.193076633447
-0.304229673685
0.932826735930
0.011092618132
-0.376826687412
0.926217361896
0.040511259059
-0.190844892124
0.980783903334
0.213806343470
-0.099631001296
0.971782131485
0.362971949527
-0.209641267798
0.907910734981
0.652876383218
-0.020057800308
-0.757198859537
0.764540067483
0.088829445024
-0.638426044980
0.632270045172
0.174882150835
-0.754752160181
0.500424445320
0.077508727438
-0.862303758369
0.511394214976
-0.117911263063
-0.851218474266
-0.757198859537
-0.652876383218
0.020057800308
-0.638426044980
-0.764540067483
-0.088829445024
-0.754752160181
-0.632270045172
-0.174882150835
-0.862303758369
-0.500424445320
-0.077508727438
-0.851218474266
-0.511394214976
0.117911263063
0.596576428728
-0.752146504813
0.279950352712
0.483604365598
-0.860225127537
0.161677294412
0.431275637044
-0.832189531033
0.348513858162
0.523085659479
-0.710072760033
0.471357686165
0.679030956032
-0.617811953683
0.396516520005
-0.279950352712
-0.596576428728
-0.752146504813
-0.161677294412
-0.483604365598
-0.860225127537
-0.348513858162
-0.431275637044
-0.832189531033
-0.471357686165
-0.523085659479
-0.710072760033
-0.396516520005
-0.679030956032
-0.617811953683
0.279950352712
0.596576428728
-0.752146504813
0.161677294412
0.483604365598
-0.860225127537
0.348513858162
0.431275637044
-0.832189531033
0.471357686165
0.523085659479
-0.710072760033
0.396516520005
0.679030956032
-0.617811953683
-0.752146504813
-0.279950352712
-0.596576428728
-0.860225127537
-0.161677294412
-0.483604365598
-0.832189531033
-0.348513858162
-0.431275637044
-0.710072760033
-0.471357686165
-0.523085659479
-0.617811953683
-0.396516520005
-0.679030956032
-0.757198859537
0.652876383218
-0.020057800308
-0.638426044980
0.764540067483
0.088829445024
-0.754752160181
0.632270045172
0.174882150835
-0.862303758369
0.500424445320
0.077508727438
-0.851218474266
0.511394214976
-0.117911263063
-0.020057800308
0.757198859537
-0.652876383218
0.088829445024
0.638426044980
-0.764540067483
0.174882150835
0.754752160181
-0.632270045172
0.077508727438
0.862303758369
-0.500424445320
-0.117911263063
0.851218474266
-0.511394214976
0.292346755043
-0.564122226089
-0.772204305121
0.106777678186
-0.627333426848
-0.771395682513
0.240430744920
-0.714240901121
-0.657307380198
0.423454658183
-0.648497414899
-0.632564032595
0.469389688234
-0.488246524739
-0.735723216746
-0.932826735930
-0.193076633447
-0.304229673685
-0.926217361896
-0.011092618132
-0.376826687412
-0.980783903334
-0.040511259059
-0.190844892124
-0.971782131485
-0.213806343470
-0.099631001296
-0.907910734981
-0.362971949527
-0.209641267798
-0.292346755043
0.564122226089
-0.772204305121
-0.106777678186
0.627333426848
-0.771395682513
-0.240430744920
0.714240901121
-0.657307380198
-0.423454658183
0.648497414899
-0.632564032595
-0.469389688234
0.488246524739
-0.735723216746
0.932826735930
0.193076633447
-0.304229673685
0.926217361896
0.011092618132
-0.376826687412
0.980783903334
0.040511259059
-0.190844892124
0.971782131485
0.213806343470
-0.099631001296
0.907910734981
0.362971949527
-0.209641267798
0.020057800308
-0.757198859537
-0.652876383218
-0.088829445024
-0.638426044980
-0.764540067483
-0.174882150835
-0.754752160181
-0.632270045172
-0.077508727438
-0.862303758369
-0.500424445320
0.117911263063
-0.851218474266
-0.511394214976
0.752146504813
0.279950352712
-0.596576428728
0.860225127537
0.161677294412
-0.483604365598
0.832189531033
0.348513858162
-0.431275637044
0.710072760033
0.471357686165
-0.523085659479
0.617811953683
0.396516520005
-0.679030956032
-0.945223138260
0.160622430809
-0.284171873377
-0.871317745669
0.154821679382
-0.465656132436
-0.872700790092
0.323476523137
-0.365727042959
-0.923879103503
0.339218098890
-0.177139728734
-0.980783903210
0.172187518234
-0.091730004735
0.160622430809
-0.284171873377
-0.945223138260
0.154821679382
-0.465656132436
-0.871317745669
0.323476523137
-0.365727042959
-0.872700790092
0.339218098890
-0.177139728734
-0.923879103503
0.172187518234
-0.091730004735
-0.980783903210
0.564122226089
-0.772204305121
-0.292346755043
0.627333426848
-0.771395682513
-0.106777678186
0.714240901121
-0.657307380198
-0.240430744920
0.648497414899
-0.632564032595
-0.423454658183
0.488246524739
-0.735723216746
-0.469389688234
-0.564122226089
-0.772204305121
0.292346755043
-0.627333426848
-0.771395682513
0.106777678186
-0.714240901121
-0.657307380198
0.240430744920
-0.648497414899
-0.632564032595
0.423454658183
-0.488246524739
-0.735723216746
0.469389688234
-0.284171873377
-0.945223138260
0.160622430809
-0.465656132436
-0.871317745669
0.154821679382
-0.365727042959
-0.872700790092
0.323476523137
-0.177139728734
-0.923879103503
0.339218098890
-0.091730004735
-0.980783903210
0.172187518234
0.284171873377
0.945223138260
0.160622430809
0.465656132436
0.871317745669
0.154821679382
0.365727042959
0.872700790092
0.323476523137
0.177139728734
0.923879103503
0.339218098890
0.091730004735
0.980783903210
0.172187518234
-0.193076633447
-0.304229673685
-0.932826735930
-0.011092618132
-0.376826687412
-0.926217361896
-0.040511259059
-0.190844892124
-0.980783903334
-0.213806343470
-0.099631001296
-0.971782131485
-0.362971949527
-0.209641267798
-0.907910734981
0.757198859537
-0.652876383218
-0.020057800308
0.638426044980
-0.764540067483
0.088829445024
0.754752160181
-0.632270045172
0.174882150835
0.862303758369
-0.500424445320
0.077508727438
0.851218474266
-0.511394214976
-0.117911263063