92
0.720236942172
0.649716036378
0.243162125349
0.525731112119
0.850650808352
0.000000000000
0.000000000000
0.525731112119
-0.850650808352
-0.525731112119
0.850650808352
0.000000000000
0.000000000000
0.525731112119
0.850650808352
0.850650808352
0.000000000000
0.525731112119
-0.850650808352
0.000000000000
0.525731112119
0.000000000000
-0.525731112119
0.850650808352
-0.850650808352
0.000000000000
-0.525731112119
-0.525731112119
-0.850650808352
0.000000000000
0.850650808352
0.000000000000
-0.525731112119
0.525731112119
-0.850650808352
0.000000000000
0.000000000000
-0.525731112119
-0.850650808352
0.577350269190
0.577350269190
0.577350269190
0.356822089773
0.000000000000
-0.934172358963
-0.577350269190
0.577350269190
-0.577350269190
-0.356822089773
0.000000000000
0.934172358963
0.934172358963
0.356822089773
0.000000000000
0.000000000000
0.934172358963
-0.356822089773
-0.577350269190
0.577350269190
0.577350269190
0.577350269190
-0.577350269190
0.577350269190
-0.934172358963
-0.356822089773
0.000000000000
0.577350269190
0.577350269190
-0.577350269190
0.000000000000
0.934172358963
0.356822089773
-0.577350269190
-0.577350269190
0.577350269190
0.934172358963
-0.356822089773
0.000000000000
0.356822089773
0.000000000000
0.934172358963
-0.356822089773
0.000000000000
-0.934172358963
0.000000000000
-0.934172358963
-0.356822089773
0.577350269190
-0.577350269190
-0.577350269190
0.000000000000
-0.934172358963
0.356822089773
-0.934172358963
0.356822089773
0.000000000000
-0.577350269190
-0.577350269190
-0.577350269190
0.037377117468
0.181484797165
-0.982683173504
-0.720236942172
0.649716036378
-0.243162125349
-0.037377117468
0.181484797165
0.982683173504
0.757614059640
0.626615707381
-0.182684678884
-0.364169476049
0.869777832730
-0.332967137126
-0.356067466123
0.424646922514
0.832400715262
0.832400715262
-0.356067466123
0.424646922514
-0.869777832730
-0.332967137126
0.364169476049
0.424646922514
0.832400715262
-0.356067466123
-0.182684678884
0.757614059640
0.626615707381
-0.243162125349
-0.720236942172
0.649716036378
0.982683173504
-0.037377117468
0.181484797165
0.243162125349
0.720236942172
0.649716036378
-0.332967137126
-0.364169476049
0.869777832730
0.332967137126
0.364169476049
0.869777832730
-0.181484797165
0.982683173504
0.037377117468
-0.626615707381
-0.182684678884
-0.757614059640
-0.649716036378
-0.243162125349
0.720236942172
-0.424646922514
0.832400715262
0.356067466123
-0.649716036378
0.243162125349
-0.720236942172
-0.181484797165
-0.982683173504
-0.037377117468
0.626615707381
-0.182684678884
0.757614059640
0.649716036378
-0.243162125349
-0.720236942172
0.181484797165
0.982683173504
-0.037377117468
0.649716036378
0.243162125349
0.720236942172
0.869777832730
-0.332967137126
-0.364169476049
-0.332967137126
0.364169476049
-0.869777832730
0.181484797165
-0.982683173504
0.037377117468
-0.982683173504
0.037377117468
0.181484797165
0.182684678884
-0.757614059640
0.626615707381
-0.832400715262
0.356067466123
0.424646922514
-0.424646922514
-0.832400715262
-0.356067466123
0.356067466123
-0.424646922514
0.832400715262
-0.626615707381
0.182684678884
0.757614059640
0.364169476049
-0.869777832730
-0.332967137126
0.869777832730
0.332967137126
0.364169476049
0.037377117468
-0.181484797165
0.982683173504
0.626615707381
0.182684678884
-0.757614059640
-0.757614059640
-0.626615707381
-0.182684678884
0.424646922514
-0.832400715262
0.356067466123
-0.356067466123
-0.424646922514
-0.832400715262
0.356067466123
0.424646922514
-0.832400715262
-0.832400715262
-0.356067466123
-0.424646922514
-0.757614059640
0.626615707381
0.182684678884
0.182684678884
0.757614059640
-0.626615707381
0.243162125349
-0.720236942172
-0.649716036378
-0.982683173504
-0.037377117468
-0.181484797165
-0.243162125349
0.720236942172
-0.649716036378
0.982683173504
0.037377117468
-0.181484797165
-0.182684678884
-0.757614059640
-0.626615707381
0.832400715262
0.356067466123
-0.424646922514
-0.869777832730
0.332967137126
-0.364169476049
0.332967137126
-0.364169476049
-0.869777832730
0.720236942172
-0.649716036378
-0.243162125349
-0.720236942172
-0.649716036378
0.243162125349
-0.364169476049
-0.869777832730
0.332967137126
0.364169476049
0.869777832730
0.332967137126
-0.037377117468
-0.181484797165
-0.982683173504
0.757614059640
-0.626615707381
0.182684678884