162
0.614766761661
0.654920335299
0.439478307962
0.475585669279
0.835352181175
0.275690051658
0.525731112119
0.850650808352
0.000000000000
0.000000000000
0.525731112119
-0.850650808352
-0.525731112119
0.850650808352
0.000000000000
0.000000000000
0.525731112119
0.850650808352
0.850650808352
0.000000000000
0.525731112119
-0.850650808352
0.000000000000
0.525731112119
0.000000000000
-0.525731112119
0.850650808352
-0.850650808352
0.000000000000
-0.525731112119
-0.525731112119
-0.850650808352
0.000000000000
0.850650808352
0.000000000000
-0.525731112119
0.525731112119
-0.850650808352
0.000000000000
0.000000000000
-0.525731112119
-0.850650808352
1.000000000000
0.000000000000
0.000000000000
-0.500000000000
-0.309016994375
-0.809016994375
-1.000000000000
0.000000000000
0.000000000000
0.500000000000
-0.309016994375
0.809016994375
0.500000000000
0.309016994375
-0.809016994375
-0.500000000000
0.309016994375
-0.809016994375
-0.500000000000
-0.309016994375
0.809016994375
0.809016994375
-0.500000000000
-0.309016994375
-0.309016994375
-0.809016994375
0.500000000000
-0.309016994375
0.809016994375
-0.500000000000
-0.809016994375
0.500000000000
0.309016994375
0.000000000000
-1.000000000000
0.000000000000
0.809016994375
0.500000000000
-0.309016994375
0.000000000000
1.000000000000
0.000000000000
-0.809016994375
-0.500000000000
0.309016994375
0.809016994375
0.500000000000
0.309016994375
0.309016994375
0.809016994375
-0.500000000000
-0.309016994375
-0.809016994375
-0.500000000000
0.000000000000
0.000000000000
1.000000000000
0.309016994375
0.809016994375
0.500000000000
0.000000000000
0.000000000000
-1.000000000000
0.309016994375
-0.809016994375
0.500000000000
-0.309016994375
0.809016994375
0.500000000000
0.309016994375
-0.809016994375
-0.500000000000
-0.809016994375
0.500000000000
-0.309016994375
-0.809016994375
-0.500000000000
-0.309016994375
0.809016994375
-0.500000000000
0.309016994375
0.500000000000
0.309016994375
0.809016994375
0.500000000000
-0.309016994375
-0.809016994375
-0.500000000000
0.309016994375
0.809016994375
0.250543552540
0.120129150307
-0.960623191229
0.243383122603
0.391005030941
-0.887625890458
-0.614766761661
0.654920335299
-0.439478307962
-0.475585669279
0.835352181175
-0.275690051658
-0.250543552540
0.120129150307
0.960623191229
-0.243383122603
0.391005030941
0.887625890458
0.865310314200
0.500075904167
-0.034090324291
0.718968791882
0.684933139118
0.118112113002
-0.154219474599
0.939554212130
-0.305702855930
-0.272892917940
0.960623190776
-0.052273709283
-0.460547287062
0.559607458270
0.689010659590
-0.202692751339
0.666695082599
0.717240068173
0.689010659590
-0.460547287062
0.559607458270
0.717240068173
-0.202692751339
0.666695082599
-0.939554212130
-0.305702855930
0.154219474599
-0.960623190776
-0.052273709283
0.272892917940
0.559607458270
0.689010659590
-0.460547287062
0.666695082599
0.717240068173
-0.202692751339
-0.034090324291
0.865310314200
0.500075904167
0.118112113002
0.718968791882
0.684933139118
-0.439478307962
-0.614766761661
0.654920335299
-0.275690051658
-0.475585669279
0.835352181175
0.960623191229
-0.250543552540
0.120129150307
0.887625890458
-0.243383122603
0.391005030941
0.439478307962
0.614766761661
0.654920335299
0.275690051658
0.475585669279
0.835352181175
-0.305702855930
-0.154219474599
0.939554212130
-0.052273709283
-0.272892917940
0.960623190776
0.305702855930
0.154219474599
0.939554212130
0.052273709283
0.272892917940
0.960623190776
-0.120129150307
0.960623191229
0.250543552540
-0.391005030941
0.887625890458
0.243383122603
-0.500075904167
-0.034090324291
-0.865310314200
-0.684933139118
0.118112113002
-0.718968791882
-0.654920335299
-0.439478307962
0.614766761661
-0.835352181175
-0.275690051658
0.475585669279
-0.559607458270
0.689010659590
0.460547287062
-0.666695082599
0.717240068173
0.202692751339
-0.654920335299
0.439478307962
-0.614766761661
-0.835352181175
0.275690051658
-0.475585669279
-0.120129150307
-0.960623191229
-0.250543552540
-0.391005030941
-0.887625890458
-0.243383122603
0.500075904167
-0.034090324291
0.865310314200
0.684933139118
0.118112113002
0.718968791882
0.654920335299
-0.439478307962
-0.614766761661
0.835352181175
-0.275690051658
-0.475585669279
0.120129150307
0.960623191229
-0.250543552540
0.391005030941
0.887625890458
-0.243383122603
0.654920335299
0.439478307962
0.614766761661
0.835352181175
0.275690051658
0.475585669279
0.939554212130
-0.305702855930
-0.154219474599
0.960623190776
-0.052273709283
-0.272892917940
-0.305702855930
0.154219474599
-0.939554212130
-0.052273709283
0.272892917940
-0.960623190776
0.120129150307
-0.960623191229
0.250543552540
0.391005030941
-0.887625890458
0.243383122603
-0.960623191229
0.250543552540
0.120129150307
-0.887625890458
0.243383122603
0.391005030941
0.034090324291
-0.865310314200
0.500075904167
-0.118112113002
-0.718968791882
0.684933139118
-0.689010659590
0.460547287062
0.559607458270
-0.717240068173
0.202692751339
0.666695082599
-0.559607458270
-0.689010659590
-0.460547287062
-0.666695082599
-0.717240068173
-0.202692751339
0.460547287062
-0.559607458270
0.689010659590
0.202692751339
-0.666695082599
0.717240068173
-0.500075904167
0.034090324291
0.865310314200
-0.684933139118
-0.118112113002
0.718968791882
0.154219474599
-0.939554212130
-0.305702855930
0.272892917940
-0.960623190776
-0.052273709283
0.939554212130
0.305702855930
0.154219474599
0.960623190776
0.052273709283
0.272892917940
0.250543552540
-0.120129150307
0.960623191229
0.243383122603
-0.391005030941
0.887625890458
0.500075904167
0.034090324291
-0.865310314200
0.684933139118
-0.118112113002
-0.718968791882
-0.865310314200
-0.500075904167
-0.034090324291
-0.718968791882
-0.684933139118
0.118112113002
0.559607458270
-0.689010659590
0.460547287062
0.666695082599
-0.717240068173
0.202692751339
-0.460547287062
-0.559607458270
-0.689010659590
-0.202692751339
-0.666695082599
-0.717240068173
0.460547287062
0.559607458270
-0.689010659590
0.202692751339
0.666695082599
-0.717240068173
-0.689010659590
-0.460547287062
-0.559607458270
-0.717240068173
-0.202692751339
-0.666695082599
-0.865310314200
0.500075904167
0.034090324291
-0.718968791882
0.684933139118
-0.118112113002
0.034090324291
0.865310314200
-0.500075904167
-0.118112113002
0.718968791882
-0.684933139118
0.439478307962
-0.614766761661
-0.654920335299
0.275690051658
-0.475585669279
-0.835352181175
-0.960623191229
-0.250543552540
-0.120129150307
-0.887625890458
-0.243383122603
-0.391005030941
-0.439478307962
0.614766761661
-0.654920335299
-0.275690051658
0.475585669279
-0.835352181175
0.960623191229
0.250543552540
-0.120129150307
0.887625890458
0.243383122603
-0.391005030941
-0.034090324291
-0.865310314200
-0.500075904167
0.118112113002
-0.718968791882
-0.684933139118
0.689010659590
0.460547287062
-0.559607458270
0.717240068173
0.202692751339
-0.666695082599
-0.939554212130
0.305702855930
-0.154219474599
-0.960623190776
0.052273709283
-0.272892917940
0.305702855930
-0.154219474599
-0.939554212130
0.052273709283
-0.272892917940
-0.960623190776
0.614766761661
-0.654920335299
-0.439478307962
0.475585669279
-0.835352181175
-0.275690051658
-0.614766761661
-0.654920335299
0.439478307962
-0.475585669279
-0.835352181175
0.275690051658
-0.154219474599
-0.939554212130
0.305702855930
-0.272892917940
-0.960623190776
0.052273709283
0.154219474599
0.939554212130
0.305702855930
0.272892917940
0.960623190776
0.052273709283
-0.250543552540
-0.120129150307
-0.960623191229
-0.243383122603
-0.391005030941
-0.887625890458
0.865310314200
-0.500075904167
0.034090324291
0.718968791882
-0.684933139118
-0.118112113002

