1002
0.588526017382
0.682991778861
0.432619182277
0.656490238383
0.674504299511
0.337734388017
0.673373417927
0.602507809845
0.428430366693
0.713960277330
0.658854893761
0.237004116762
0.737196398586
0.590226572235
0.328898256821
0.395015868959
0.816533489993
0.420993495187
0.629799765149
0.740153348794
0.235638019190
0.568474380204
0.751562657296
0.334649744075
0.471427445935
0.816912308126
0.332280670594
0.536347381425
0.810585466848
0.235122707054
0.639668863481
0.759132704235
0.120587240014
0.546607415487
0.829699237636
0.113223267927
0.496394673417
0.755022205093
0.428408447653
0.417075218588
0.749387756842
0.514262823793
0.512528893458
0.682089157967
0.521601873035
0.601310166133
0.605854461439
0.520928455414
0.525731112119
0.850650808352
0.000000000000
0.000000000000
0.525731112119
-0.850650808352
-0.525731112119
0.850650808352
0.000000000000
0.000000000000
0.525731112119
0.850650808352
0.850650808352
0.000000000000
0.525731112119
-0.850650808352
0.000000000000
0.525731112119
0.000000000000
-0.525731112119
0.850650808352
-0.850650808352
0.000000000000
-0.525731112119
-0.525731112119
-0.850650808352
0.000000000000
0.850650808352
0.000000000000
-0.525731112119
0.525731112119
-0.850650808352
0.000000000000
0.000000000000
-0.525731112119
-0.850650808352
1.000000000000
0.000000000000
0.000000000000
-0.500000000000
-0.309016994375
-0.809016994375
-1.000000000000
0.000000000000
0.000000000000
0.500000000000
-0.309016994375
0.809016994375
0.500000000000
0.309016994375
-0.809016994375
-0.500000000000
0.309016994375
-0.809016994375
-0.500000000000
-0.309016994375
0.809016994375
0.809016994375
-0.500000000000
-0.309016994375
-0.309016994375
-0.809016994375
0.500000000000
-0.309016994375
0.809016994375
-0.500000000000
-0.809016994375
0.500000000000
0.309016994375
0.000000000000
-1.000000000000
0.000000000000
0.809016994375
0.500000000000
-0.309016994375
0.000000000000
1.000000000000
0.000000000000
-0.809016994375
-0.500000000000
0.309016994375
0.809016994375
0.500000000000
0.309016994375
0.309016994375
0.809016994375
-0.500000000000
-0.309016994375
-0.809016994375
-0.500000000000
0.000000000000
0.000000000000
1.000000000000
0.309016994375
0.809016994375
0.500000000000
0.000000000000
0.000000000000
-1.000000000000
0.309016994375
-0.809016994375
0.500000000000
-0.309016994375
0.809016994375
0.500000000000
0.309016994375
-0.809016994375
-0.500000000000
-0.809016994375
0.500000000000
-0.309016994375
-0.809016994375
-0.500000000000
-0.309016994375
0.809016994375
-0.500000000000
0.309016994375
0.500000000000
0.309016994375
0.809016994375
0.500000000000
-0.309016994375
-0.809016994375
-0.500000000000
0.309016994375
0.809016994375
0.266789328550
0.154377823975
-0.951310118540
0.153421031626
0.173951606773
-0.972729574731
0.196105891083
0.065140044362
-0.978416707800
0.038357578532
0.193896888496
-0.980271744365
0.079876121248
0.085247983704
-0.993152851543
0.395405682532
0.328026105731
-0.857935440567
0.104455242692
0.286358797539
-0.952411539906
0.218745773460
0.265033845703
-0.939099221182
0.285546772571
0.349076512482
-0.892529343556
0.172529259707
0.372475608798
-0.911863792129
0.012307601330
0.356189089117
-0.934332839915
0.074687004817
0.445718168868
-0.892052221147
0.331707070481
0.243227181221
-0.911488320116
0.439083306970
0.220252688289
-0.871030770318
0.376497474345
0.132640645770
-0.916873006965
0.308004214919
0.043867267490
-0.950373119588
-0.588526017382
0.682991778861
-0.432619182277
-0.656490238383
0.674504299511
-0.337734388017
-0.673373417927
0.602507809845
-0.428430366693
-0.713960277330
0.658854893761
-0.237004116762
-0.737196398586
0.590226572235
-0.328898256821
-0.395015868959
0.816533489993
-0.420993495187
-0.629799765149
0.740153348794
-0.235638019190
-0.568474380204
0.751562657296
-0.334649744075
-0.471427445935
0.816912308126
-0.332280670594
-0.536347381425
0.810585466848
-0.235122707054
-0.639668863481
0.759132704235
-0.120587240014
-0.546607415487
0.829699237636
-0.113223267927
-0.496394673417
0.755022205093
-0.428408447653
-0.417075218588
0.749387756842
-0.514262823793
-0.512528893458
0.682089157967
-0.521601873035
-0.601310166133
0.605854461439
-0.520928455414
-0.266789328550
0.154377823975
0.951310118540
-0.153421031626
0.173951606773
0.972729574731
-0.196105891083
0.065140044362
0.978416707800
-0.038357578532
0.193896888496
0.980271744365
-0.079876121248
0.085247983704
0.993152851543
-0.395405682532
0.328026105731
0.857935440567
-0.104455242692
0.286358797539
0.952411539906
-0.218745773460
0.265033845703
0.939099221182
-0.285546772571
0.349076512482
0.892529343556
-0.172529259707
0.372475608798
0.911863792129
-0.012307601330
0.356189089117
0.934332839915
-0.074687004817
0.445718168868
0.892052221147
-0.331707070481
0.243227181221
0.911488320116
-0.439083306970
0.220252688289
0.871030770318
-0.376497474345
0.132640645770
0.916873006965
-0.308004214919
0.043867267490
0.950373119588
0.855315345932
0.518106905981
-0.000944980847
0.809911270010
0.579684887376
-0.089493944256
0.869479309010
0.481307703761
-0.111124369526
0.752317855861
0.635148606503
-0.174940250971
0.817072519834
0.540860414414
-0.199655977752
0.790421551492
0.572159338843
0.218786338495
0.734255007841
0.675596458507
-0.066625886211
0.787220153664
0.616370334402
0.019288352278
0.756974218506
0.640434697300
0.129743712803
0.708876641133
0.703956520295
0.044035499206
0.651976464811
0.751526188293
-0.100673122742
0.621294420305
0.783540130141
0.007622844386
0.828101743897
0.550015961227
0.108304866694
0.856158525558
0.478019349241
0.196188890778
0.889026367803
0.449400922144
0.087583837134
0.909314381052
0.415497387941
-0.022567166996
-0.155322804823
0.950726088258
-0.268318339679
-0.263445551029
0.917419275393
-0.298225275220
-0.176264413888
0.909738070455
-0.375908897956
-0.368837139467
0.872152723265
-0.321416850604
-0.284903961456
0.869758671235
-0.402926279308
-0.109239767236
0.993152834031
-0.041401950574
-0.352984683750
0.911234477697
-0.212258191112
-0.245745493424
0.951020078477
-0.187536563887
-0.219332799680
0.972715367894
-0.075617035429
-0.328440109592
0.939079227350
-0.101278325281
-0.456862211859
0.872113428307
-0.175200135680
-0.438095324482
0.896763398068
-0.062352983510
-0.134922314527
0.978424408880
-0.156466115023
-0.024063797511
0.992282173034
-0.121643013477
-0.045056808637
0.971002795179
-0.234783848998
-0.066434434486
0.936425843354
-0.344518658149
-0.433203212559
0.586997006252
0.683936759708
-0.393044687354
0.511685994790
0.763998243767
-0.497109004039
0.493570411055
0.713632179371
-0.345123137863
0.430901005258
0.833795144733
-0.452292437129
0.414146240526
0.789882549987
-0.285776101723
0.749019600918
0.597747151498
-0.276815081399
0.521996816729
0.806779235005
-0.322728886780
0.599683589778
0.732274305018
-0.252094646256
0.681357183077
0.687168595324
-0.207907271834
0.607598315852
0.766549967642
-0.182806651622
0.476776329131
0.859805826977
-0.108512091005
0.558941436794
0.822076393251
-0.361472358889
0.671635628874
0.646717338399
-0.393011421077
0.734515512082
0.553198866064
-0.467472084822
0.654242518805
0.594505320834
-0.534875731647
0.564795722903
0.628421628435
0.683936759708
-0.433203212559
0.586997006252
0.763998243767
-0.393044687354
0.511685994790
0.713632179371
-0.497109004039
0.493570411055
0.833795144733
-0.345123137863
0.430901005258
0.789882549987
-0.452292437129
0.414146240526
0.597747151498
-0.285776101723
0.749019600918
0.806779235005
-0.276815081399
0.521996816729
0.732274305018
-0.322728886780
0.599683589778
0.687168595324
-0.252094646256
0.681357183077
0.766549967642
-0.207907271834
0.607598315852
0.859805826977
-0.182806651622
0.476776329131
0.822076393251
-0.108512091005
0.558941436794
0.646717338399
-0.361472358889
0.671635628874
0.553198866064
-0.393011421077
0.734515512082
0.594505320834
-0.467472084822
0.654242518805
0.628421628435
-0.534875731647
0.564795722903
-0.950726088258
-0.268318339679
0.155322804823
-0.917419275393
-0.298225275220
0.263445551029
-0.909738070455
-0.375908897956
0.176264413888
-0.872152723265
-0.321416850604
0.368837139467
-0.869758671235
-0.402926279308
0.284903961456
-0.993152834031
-0.041401950574
0.109239767236
-0.911234477697
-0.212258191112
0.352984683750
-0.951020078477
-0.187536563887
0.245745493424
-0.972715367894
-0.075617035429
0.219332799680
-0.939079227350
-0.101278325281
0.328440109592
-0.872113428307
-0.175200135680
0.456862211859
-0.896763398068
-0.062352983510
0.438095324482
-0.978424408880
-0.156466115023
0.134922314527
-0.992282173034
-0.121643013477
0.024063797511
-0.971002795179
-0.234783848998
0.045056808637
-0.936425843354
-0.344518658149
0.066434434486
0.586997006252
0.683936759708
-0.433203212559
0.511685994790
0.763998243767
-0.393044687354
0.493570411055
0.713632179371
-0.497109004039
0.430901005258
0.833795144733
-0.345123137863
0.414146240526
0.789882549987
-0.452292437129
0.749019600918
0.597747151498
-0.285776101723
0.521996816729
0.806779235005
-0.276815081399
0.599683589778
0.732274305018
-0.322728886780
0.681357183077
0.687168595324
-0.252094646256
0.607598315852
0.766549967642
-0.207907271834
0.476776329131
0.859805826977
-0.182806651622
0.558941436794
0.822076393251
-0.108512091005
0.671635628874
0.646717338399
-0.361472358889
0.734515512082
0.553198866064
-0.393011421077
0.654242518805
0.594505320834
-0.467472084822
0.564795722903
0.628421628435
-0.534875731647
-0.000944980847
0.855315345932
0.518106905981
-0.089493944256
0.809911270010
0.579684887376
-0.111124369526
0.869479309010
0.481307703761
-0.174940250971
0.752317855861
0.635148606503
-0.199655977752
0.817072519834
0.540860414414
0.218786338495
0.790421551492
0.572159338843
-0.066625886211
0.734255007841
0.675596458507
0.019288352278
0.787220153664
0.616370334402
0.129743712803
0.756974218506
0.640434697300
0.044035499206
0.708876641133
0.703956520295
-0.100673122742
0.651976464811
0.751526188293
0.007622844386
0.621294420305
0.783540130141
0.108304866694
0.828101743897
0.550015961227
0.196188890778
0.856158525558
0.478019349241
0.087583837134
0.889026367803
0.449400922144
-0.022567166996
0.909314381052
0.415497387941
-0.432619182277
-0.588526017382
0.682991778861
-0.337734388017
-0.656490238383
0.674504299511
-0.428430366693
-0.673373417927
0.602507809845
-0.237004116762
-0.713960277330
0.658854893761
-0.328898256821
-0.737196398586
0.590226572235
-0.420993495187
-0.395015868959
0.816533489993
-0.235638019190
-0.629799765149
0.740153348794
-0.334649744075
-0.568474380204
0.751562657296
-0.332280670594
-0.471427445935
0.816912308126
-0.235122707054
-0.536347381425
0.810585466848
-0.120587240014
-0.639668863481
0.759132704235
-0.113223267927
-0.546607415487
0.829699237636
-0.428408447653
-0.496394673417
0.755022205093
-0.514262823793
-0.417075218588
0.749387756842
-0.521601873035
-0.512528893458
0.682089157967
-0.520928455414
-0.601310166133
0.605854461439
0.951310118540
-0.266789328550
0.154377823975
0.972729574731
-0.153421031626
0.173951606773
0.978416707800
-0.196105891083
0.065140044362
0.980271744365
-0.038357578532
0.193896888496
0.993152851543
-0.079876121248
0.085247983704
0.857935440567
-0.395405682532
0.328026105731
0.952411539906
-0.104455242692
0.286358797539
0.939099221182
-0.218745773460
0.265033845703
0.892529343556
-0.285546772571
0.349076512482
0.911863792129
-0.172529259707
0.372475608798
0.934332839915
-0.012307601330
0.356189089117
0.892052221147
-0.074687004817
0.445718168868
0.911488320116
-0.331707070481
0.243227181221
0.871030770318
-0.439083306970
0.220252688289
0.916873006965
-0.376497474345
0.132640645770
0.950373119588
-0.308004214919
0.043867267490
0.432619182277
0.588526017382
0.682991778861
0.337734388017
0.656490238383
0.674504299511
0.428430366693
0.673373417927
0.602507809845
0.237004116762
0.713960277330
0.658854893761
0.328898256821
0.737196398586
0.590226572235
0.420993495187
0.395015868959
0.816533489993
0.235638019190
0.629799765149
0.740153348794
0.334649744075
0.568474380204
0.751562657296
0.332280670594
0.471427445935
0.816912308126
0.235122707054
0.536347381425
0.810585466848
0.120587240014
0.639668863481
0.759132704235
0.113223267927
0.546607415487
0.829699237636
0.428408447653
0.496394673417
0.755022205093
0.514262823793
0.417075218588
0.749387756842
0.521601873035
0.512528893458
0.682089157967
0.520928455414
0.601310166133
0.605854461439
-0.268318339679
-0.155322804823
0.950726088258
-0.298225275220
-0.263445551029
0.917419275393
-0.375908897956
-0.176264413888
0.909738070455
-0.321416850604
-0.368837139467
0.872152723265
-0.402926279308
-0.284903961456
0.869758671235
-0.041401950574
-0.109239767236
0.993152834031
-0.212258191112
-0.352984683750
0.911234477697
-0.187536563887
-0.245745493424
0.951020078477
-0.075617035429
-0.219332799680
0.972715367894
-0.101278325281
-0.328440109592
0.939079227350
-0.175200135680
-0.456862211859
0.872113428307
-0.062352983510
-0.438095324482
0.896763398068
-0.156466115023
-0.134922314527
0.978424408880
-0.121643013477
-0.024063797511
0.992282173034
-0.234783848998
-0.045056808637
0.971002795179
-0.344518658149
-0.066434434486
0.936425843354
0.268318339679
0.155322804823
0.950726088258
0.298225275220
0.263445551029
0.917419275393
0.375908897956
0.176264413888
0.909738070455
0.321416850604
0.368837139467
0.872152723265
0.402926279308
0.284903961456
0.869758671235
0.041401950574
0.109239767236
0.993152834031
0.212258191112
0.352984683750
0.911234477697
0.187536563887
0.245745493424
0.951020078477
0.075617035429
0.219332799680
0.972715367894
0.101278325281
0.328440109592
0.939079227350
0.175200135680
0.456862211859
0.872113428307
0.062352983510
0.438095324482
0.896763398068
0.156466115023
0.134922314527
0.978424408880
0.121643013477
0.024063797511
0.992282173034
0.234783848998
0.045056808637
0.971002795179
0.344518658149
0.066434434486
0.936425843354
-0.154377823975
0.951310118540
0.266789328550
-0.173951606773
0.972729574731
0.153421031626
-0.065140044362
0.978416707800
0.196105891083
-0.193896888496
0.980271744365
0.038357578532
-0.085247983704
0.993152851543
0.079876121248
-0.328026105731
0.857935440567
0.395405682532
-0.286358797539
0.952411539906
0.104455242692
-0.265033845703
0.939099221182
0.218745773460
-0.349076512482
0.892529343556
0.285546772571
-0.372475608798
0.911863792129
0.172529259707
-0.356189089117
0.934332839915
0.012307601330
-0.445718168868
0.892052221147
0.074687004817
-0.243227181221
0.911488320116
0.331707070481
-0.220252688289
0.871030770318
0.439083306970
-0.132640645770
0.916873006965
0.376497474345
-0.043867267490
0.950373119588
0.308004214919
-0.518106905981
-0.000944980847
-0.855315345932
-0.579684887376
-0.089493944256
-0.809911270010
-0.481307703761
-0.111124369526
-0.869479309010
-0.635148606503
-0.174940250971
-0.752317855861
-0.540860414414
-0.199655977752
-0.817072519834
-0.572159338843
0.218786338495
-0.790421551492
-0.675596458507
-0.066625886211
-0.734255007841
-0.616370334402
0.019288352278
-0.787220153664
-0.640434697300
0.129743712803
-0.756974218506
-0.703956520295
0.044035499206
-0.708876641133
-0.751526188293
-0.100673122742
-0.651976464811
-0.783540130141
0.007622844386
-0.621294420305
-0.550015961227
0.108304866694
-0.828101743897
-0.478019349241
0.196188890778
-0.856158525558
-0.449400922144
0.087583837134
-0.889026367803
-0.415497387941
-0.022567166996
-0.909314381052
-0.682991778861
-0.432619182277
0.588526017382
-0.674504299511
-0.337734388017
0.656490238383
-0.602507809845
-0.428430366693
0.673373417927
-0.658854893761
-0.237004116762
0.713960277330
-0.590226572235
-0.328898256821
0.737196398586
-0.816533489993
-0.420993495187
0.395015868959
-0.740153348794
-0.235638019190
0.629799765149
-0.751562657296
-0.334649744075
0.568474380204
-0.816912308126
-0.332280670594
0.471427445935
-0.810585466848
-0.235122707054
0.536347381425
-0.759132704235
-0.120587240014
0.639668863481
-0.829699237636
-0.113223267927
0.546607415487
-0.755022205093
-0.428408447653
0.496394673417
-0.749387756842
-0.514262823793
0.417075218588
-0.682089157967
-0.521601873035
0.512528893458
-0.605854461439
-0.520928455414
0.601310166133
-0.586997006252
0.683936759708
0.433203212559
-0.511685994790
0.763998243767
0.393044687354
-0.493570411055
0.713632179371
0.497109004039
-0.430901005258
0.833795144733
0.345123137863
-0.414146240526
0.789882549987
0.452292437129
-0.749019600918
0.597747151498
0.285776101723
-0.521996816729
0.806779235005
0.276815081399
-0.599683589778
0.732274305018
0.322728886780
-0.681357183077
0.687168595324
0.252094646256
-0.607598315852
0.766549967642
0.207907271834
-0.476776329131
0.859805826977
0.182806651622
-0.558941436794
0.822076393251
0.108512091005
-0.671635628874
0.646717338399
0.361472358889
-0.734515512082
0.553198866064
0.393011421077
-0.654242518805
0.594505320834
0.467472084822
-0.564795722903
0.628421628435
0.534875731647
-0.682991778861
0.432619182277
-0.588526017382
-0.674504299511
0.337734388017
-0.656490238383
-0.602507809845
0.428430366693
-0.673373417927
-0.658854893761
0.237004116762
-0.713960277330
-0.590226572235
0.328898256821
-0.737196398586
-0.816533489993
0.420993495187
-0.395015868959
-0.740153348794
0.235638019190
-0.629799765149
-0.751562657296
0.334649744075
-0.568474380204
-0.816912308126
0.332280670594
-0.471427445935
-0.810585466848
0.235122707054
-0.536347381425
-0.759132704235
0.120587240014
-0.639668863481
-0.829699237636
0.113223267927
-0.546607415487
-0.755022205093
0.428408447653
-0.496394673417
-0.749387756842
0.514262823793
-0.417075218588
-0.682089157967
0.521601873035
-0.512528893458
-0.605854461439
0.520928455414
-0.601310166133
-0.154377823975
-0.951310118540
-0.266789328550
-0.173951606773
-0.972729574731
-0.153421031626
-0.065140044362
-0.978416707800
-0.196105891083
-0.193896888496
-0.980271744365
-0.038357578532
-0.085247983704
-0.993152851543
-0.079876121248
-0.328026105731
-0.857935440567
-0.395405682532
-0.286358797539
-0.952411539906
-0.104455242692
-0.265033845703
-0.939099221182
-0.218745773460
-0.349076512482
-0.892529343556
-0.285546772571
-0.372475608798
-0.911863792129
-0.172529259707
-0.356189089117
-0.934332839915
-0.012307601330
-0.445718168868
-0.892052221147
-0.074687004817
-0.243227181221
-0.911488320116
-0.331707070481
-0.220252688289
-0.871030770318
-0.439083306970
-0.132640645770
-0.916873006965
-0.376497474345
-0.043867267490
-0.950373119588
-0.308004214919
0.518106905981
-0.000944980847
0.855315345932
0.579684887376
-0.089493944256
0.809911270010
0.481307703761
-0.111124369526
0.869479309010
0.635148606503
-0.174940250971
0.752317855861
0.540860414414
-0.199655977752
0.817072519834
0.572159338843
0.218786338495
0.790421551492
0.675596458507
-0.066625886211
0.734255007841
0.616370334402
0.019288352278
0.787220153664
0.640434697300
0.129743712803
0.756974218506
0.703956520295
0.044035499206
0.708876641133
0.751526188293
-0.100673122742
0.651976464811
0.783540130141
0.007622844386
0.621294420305
0.550015961227
0.108304866694
0.828101743897
0.478019349241
0.196188890778
0.856158525558
0.449400922144
0.087583837134
0.889026367803
0.415497387941
-0.022567166996
0.909314381052
0.682991778861
-0.432619182277
-0.588526017382
0.674504299511
-0.337734388017
-0.656490238383
0.602507809845
-0.428430366693
-0.673373417927
0.658854893761
-0.237004116762
-0.713960277330
0.590226572235
-0.328898256821
-0.737196398586
0.816533489993
-0.420993495187
-0.395015868959
0.740153348794
-0.235638019190
-0.629799765149
0.751562657296
-0.334649744075
-0.568474380204
0.816912308126
-0.332280670594
-0.471427445935
0.810585466848
-0.235122707054
-0.536347381425
0.759132704235
-0.120587240014
-0.639668863481
0.829699237636
-0.113223267927
-0.546607415487
0.755022205093
-0.428408447653
-0.496394673417
0.749387756842
-0.514262823793
-0.417075218588
0.682089157967
-0.521601873035
-0.512528893458
0.605854461439
-0.520928455414
-0.601310166133
0.154377823975
0.951310118540
-0.266789328550
0.173951606773
0.972729574731
-0.153421031626
0.065140044362
0.978416707800
-0.196105891083
0.193896888496
0.980271744365
-0.038357578532
0.085247983704
0.993152851543
-0.079876121248
0.328026105731
0.857935440567
-0.395405682532
0.286358797539
0.952411539906
-0.104455242692
0.265033845703
0.939099221182
-0.218745773460
0.349076512482
0.892529343556
-0.285546772571
0.372475608798
0.911863792129
-0.172529259707
0.356189089117
0.934332839915
-0.012307601330
0.445718168868
0.892052221147
-0.074687004817
0.243227181221
0.911488320116
-0.331707070481
0.220252688289
0.871030770318
-0.439083306970
0.132640645770
0.916873006965
-0.376497474345
0.043867267490
0.950373119588
-0.308004214919
0.682991778861
0.432619182277
0.588526017382
0.674504299511
0.337734388017
0.656490238383
0.602507809845
0.428430366693
0.673373417927
0.658854893761
0.237004116762
0.713960277330
0.590226572235
0.328898256821
0.737196398586
0.816533489993
0.420993495187
0.395015868959
0.740153348794
0.235638019190
0.629799765149
0.751562657296
0.334649744075
0.568474380204
0.816912308126
0.332280670594
0.471427445935
0.810585466848
0.235122707054
0.536347381425
0.759132704235
0.120587240014
0.639668863481
0.829699237636
0.113223267927
0.546607415487
0.755022205093
0.428408447653
0.496394673417
0.749387756842
0.514262823793
0.417075218588
0.682089157967
0.521601873035
0.512528893458
0.605854461439
0.520928455414
0.601310166133
0.950726088258
-0.268318339679
-0.155322804823
0.917419275393
-0.298225275220
-0.263445551029
0.909738070455
-0.375908897956
-0.176264413888
0.872152723265
-0.321416850604
-0.368837139467
0.869758671235
-0.402926279308
-0.284903961456
0.993152834031
-0.041401950574
-0.109239767236
0.911234477697
-0.212258191112
-0.352984683750
0.951020078477
-0.187536563887
-0.245745493424
0.972715367894
-0.075617035429
-0.219332799680
0.939079227350
-0.101278325281
-0.328440109592
0.872113428307
-0.175200135680
-0.456862211859
0.896763398068
-0.062352983510
-0.438095324482
0.978424408880
-0.156466115023
-0.134922314527
0.992282173034
-0.121643013477
-0.024063797511
0.971002795179
-0.234783848998
-0.045056808637
0.936425843354
-0.344518658149
-0.066434434486
-0.268318339679
0.155322804823
-0.950726088258
-0.298225275220
0.263445551029
-0.917419275393
-0.375908897956
0.176264413888
-0.909738070455
-0.321416850604
0.368837139467
-0.872152723265
-0.402926279308
0.284903961456
-0.869758671235
-0.041401950574
0.109239767236
-0.993152834031
-0.212258191112
0.352984683750
-0.911234477697
-0.187536563887
0.245745493424
-0.951020078477
-0.075617035429
0.219332799680
-0.972715367894
-0.101278325281
0.328440109592
-0.939079227350
-0.175200135680
0.456862211859
-0.872113428307
-0.062352983510
0.438095324482
-0.896763398068
-0.156466115023
0.134922314527
-0.978424408880
-0.121643013477
0.024063797511
-0.992282173034
-0.234783848998
0.045056808637
-0.971002795179
-0.344518658149
0.066434434486
-0.936425843354
0.154377823975
-0.951310118540
0.266789328550
0.173951606773
-0.972729574731
0.153421031626
0.065140044362
-0.978416707800
0.196105891083
0.193896888496
-0.980271744365
0.038357578532
0.085247983704
-0.993152851543
0.079876121248
0.328026105731
-0.857935440567
0.395405682532
0.286358797539
-0.952411539906
0.104455242692
0.265033845703
-0.939099221182
0.218745773460
0.349076512482
-0.892529343556
0.285546772571
0.372475608798
-0.911863792129
0.172529259707
0.356189089117
-0.934332839915
0.012307601330
0.445718168868
-0.892052221147
0.074687004817
0.243227181221
-0.911488320116
0.331707070481
0.220252688289
-0.871030770318
0.439083306970
0.132640645770
-0.916873006965
0.376497474345
0.043867267490
-0.950373119588
0.308004214919
-0.951310118540
0.266789328550
0.154377823975
-0.972729574731
0.153421031626
0.173951606773
-0.978416707800
0.196105891083
0.065140044362
-0.980271744365
0.038357578532
0.193896888496
-0.993152851543
0.079876121248
0.085247983704
-0.857935440567
0.395405682532
0.328026105731
-0.952411539906
0.104455242692
0.286358797539
-0.939099221182
0.218745773460
0.265033845703
-0.892529343556
0.285546772571
0.349076512482
-0.911863792129
0.172529259707
0.372475608798
-0.934332839915
0.012307601330
0.356189089117
-0.892052221147
0.074687004817
0.445718168868
-0.911488320116
0.331707070481
0.243227181221
-0.871030770318
0.439083306970
0.220252688289
-0.916873006965
0.376497474345
0.132640645770
-0.950373119588
0.308004214919
0.043867267490
0.000944980847
-0.855315345932
0.518106905981
0.089493944256
-0.809911270010
0.579684887376
0.111124369526
-0.869479309010
0.481307703761
0.174940250971
-0.752317855861
0.635148606503
0.199655977752
-0.817072519834
0.540860414414
-0.218786338495
-0.790421551492
0.572159338843
0.066625886211
-0.734255007841
0.675596458507
-0.019288352278
-0.787220153664
0.616370334402
-0.129743712803
-0.756974218506
0.640434697300
-0.044035499206
-0.708876641133
0.703956520295
0.100673122742
-0.651976464811
0.751526188293
-0.007622844386
-0.621294420305
0.783540130141
-0.108304866694
-0.828101743897
0.550015961227
-0.196188890778
-0.856158525558
0.478019349241
-0.087583837134
-0.889026367803
0.449400922144
0.022567166996
-0.909314381052
0.415497387941
-0.683936759708
0.433203212559
0.586997006252
-0.763998243767
0.393044687354
0.511685994790
-0.713632179371
0.497109004039
0.493570411055
-0.833795144733
0.345123137863
0.430901005258
-0.789882549987
0.452292437129
0.414146240526
-0.597747151498
0.285776101723
0.749019600918
-0.806779235005
0.276815081399
0.521996816729
-0.732274305018
0.322728886780
0.599683589778
-0.687168595324
0.252094646256
0.681357183077
-0.766549967642
0.207907271834
0.607598315852
-0.859805826977
0.182806651622
0.476776329131
-0.822076393251
0.108512091005
0.558941436794
-0.646717338399
0.361472358889
0.671635628874
-0.553198866064
0.393011421077
0.734515512082
-0.594505320834
0.467472084822
0.654242518805
-0.628421628435
0.534875731647
0.564795722903
-0.586997006252
-0.683936759708
-0.433203212559
-0.511685994790
-0.763998243767
-0.393044687354
-0.493570411055
-0.713632179371
-0.497109004039
-0.430901005258
-0.833795144733
-0.345123137863
-0.414146240526
-0.789882549987
-0.452292437129
-0.749019600918
-0.597747151498
-0.285776101723
-0.521996816729
-0.806779235005
-0.276815081399
-0.599683589778
-0.732274305018
-0.322728886780
-0.681357183077
-0.687168595324
-0.252094646256
-0.607598315852
-0.766549967642
-0.207907271834
-0.476776329131
-0.859805826977
-0.182806651622
-0.558941436794
-0.822076393251
-0.108512091005
-0.671635628874
-0.646717338399
-0.361472358889
-0.734515512082
-0.553198866064
-0.393011421077
-0.654242518805
-0.594505320834
-0.467472084822
-0.564795722903
-0.628421628435
-0.534875731647
0.433203212559
-0.586997006252
0.683936759708
0.393044687354
-0.511685994790
0.763998243767
0.497109004039
-0.493570411055
0.713632179371
0.345123137863
-0.430901005258
0.833795144733
0.452292437129
-0.414146240526
0.789882549987
0.285776101723
-0.749019600918
0.597747151498
0.276815081399
-0.521996816729
0.806779235005
0.322728886780
-0.599683589778
0.732274305018
0.252094646256
-0.681357183077
0.687168595324
0.207907271834
-0.607598315852
0.766549967642
0.182806651622
-0.476776329131
0.859805826977
0.108512091005
-0.558941436794
0.822076393251
0.361472358889
-0.671635628874
0.646717338399
0.393011421077
-0.734515512082
0.553198866064
0.467472084822
-0.654242518805
0.594505320834
0.534875731647
-0.564795722903
0.628421628435
-0.518106905981
0.000944980847
0.855315345932
-0.579684887376
0.089493944256
0.809911270010
-0.481307703761
0.111124369526
0.869479309010
-0.635148606503
0.174940250971
0.752317855861
-0.540860414414
0.199655977752
0.817072519834
-0.572159338843
-0.218786338495
0.790421551492
-0.675596458507
0.066625886211
0.734255007841
-0.616370334402
-0.019288352278
0.787220153664
-0.640434697300
-0.129743712803
0.756974218506
-0.703956520295
-0.044035499206
0.708876641133
-0.751526188293
0.100673122742
0.651976464811
-0.783540130141
-0.007622844386
0.621294420305
-0.550015961227
-0.108304866694
0.828101743897
-0.478019349241
-0.196188890778
0.856158525558
-0.449400922144
-0.087583837134
0.889026367803
-0.415497387941
0.022567166996
0.909314381052
0.155322804823
-0.950726088258
-0.268318339679
0.263445551029
-0.917419275393
-0.298225275220
0.176264413888
-0.909738070455
-0.375908897956
0.368837139467
-0.872152723265
-0.321416850604
0.284903961456
-0.869758671235
-0.402926279308
0.109239767236
-0.993152834031
-0.041401950574
0.352984683750
-0.911234477697
-0.212258191112
0.245745493424
-0.951020078477
-0.187536563887
0.219332799680
-0.972715367894
-0.075617035429
0.328440109592
-0.939079227350
-0.101278325281
0.456862211859
-0.872113428307
-0.175200135680
0.438095324482
-0.896763398068
-0.062352983510
0.134922314527
-0.978424408880
-0.156466115023
0.024063797511
-0.992282173034
-0.121643013477
0.045056808637
-0.971002795179
-0.234783848998
0.066434434486
-0.936425843354
-0.344518658149
0.950726088258
0.268318339679
0.155322804823
0.917419275393
0.298225275220
0.263445551029
0.909738070455
0.375908897956
0.176264413888
0.872152723265
0.321416850604
0.368837139467
0.869758671235
0.402926279308
0.284903961456
0.993152834031
0.041401950574
0.109239767236
0.911234477697
0.212258191112
0.352984683750
0.951020078477
0.187536563887
0.245745493424
0.972715367894
0.075617035429
0.219332799680
0.939079227350
0.101278325281
0.328440109592
0.872113428307
0.175200135680
0.456862211859
0.896763398068
0.062352983510
0.438095324482
0.978424408880
0.156466115023
0.134922314527
0.992282173034
0.121643013477
0.024063797511
0.971002795179
0.234783848998
0.045056808637
0.936425843354
0.344518658149
0.066434434486
0.266789328550
-0.154377823975
0.951310118540
0.153421031626
-0.173951606773
0.972729574731
0.196105891083
-0.065140044362
0.978416707800
0.038357578532
-0.193896888496
0.980271744365
0.079876121248
-0.085247983704
0.993152851543
0.395405682532
-0.328026105731
0.857935440567
0.104455242692
-0.286358797539
0.952411539906
0.218745773460
-0.265033845703
0.939099221182
0.285546772571
-0.349076512482
0.892529343556
0.172529259707
-0.372475608798
0.911863792129
0.012307601330
-0.356189089117
0.934332839915
0.074687004817
-0.445718168868
0.892052221147
0.331707070481
-0.243227181221
0.911488320116
0.439083306970
-0.220252688289
0.871030770318
0.376497474345
-0.132640645770
0.916873006965
0.308004214919
-0.043867267490
0.950373119588
0.518106905981
0.000944980847
-0.855315345932
0.579684887376
0.089493944256
-0.809911270010
0.481307703761
0.111124369526
-0.869479309010
0.635148606503
0.174940250971
-0.752317855861
0.540860414414
0.199655977752
-0.817072519834
0.572159338843
-0.218786338495
-0.790421551492
0.675596458507
0.066625886211
-0.734255007841
0.616370334402
-0.019288352278
-0.787220153664
0.640434697300
-0.129743712803
-0.756974218506
0.703956520295
-0.044035499206
-0.708876641133
0.751526188293
0.100673122742
-0.651976464811
0.783540130141
-0.007622844386
-0.621294420305
0.550015961227
-0.108304866694
-0.828101743897
0.478019349241
-0.196188890778
-0.856158525558
0.449400922144
-0.087583837134
-0.889026367803
0.415497387941
0.022567166996
-0.909314381052
-0.855315345932
-0.518106905981
-0.000944980847
-0.809911270010
-0.579684887376
-0.089493944256
-0.869479309010
-0.481307703761
-0.111124369526
-0.752317855861
-0.635148606503
-0.174940250971
-0.817072519834
-0.540860414414
-0.199655977752
-0.790421551492
-0.572159338843
0.218786338495
-0.734255007841
-0.675596458507
-0.066625886211
-0.787220153664
-0.616370334402
0.019288352278
-0.756974218506
-0.640434697300
0.129743712803
-0.708876641133
-0.703956520295
0.044035499206
-0.651976464811
-0.751526188293
-0.100673122742
-0.621294420305
-0.783540130141
0.007622844386
-0.828101743897
-0.550015961227
0.108304866694
-0.856158525558
-0.478019349241
0.196188890778
-0.889026367803
-0.449400922144
0.087583837134
-0.909314381052
-0.415497387941
-0.022567166996
0.586997006252
-0.683936759708
0.433203212559
0.511685994790
-0.763998243767
0.393044687354
0.493570411055
-0.713632179371
0.497109004039
0.430901005258
-0.833795144733
0.345123137863
0.414146240526
-0.789882549987
0.452292437129
0.749019600918
-0.597747151498
0.285776101723
0.521996816729
-0.806779235005
0.276815081399
0.599683589778
-0.732274305018
0.322728886780
0.681357183077
-0.687168595324
0.252094646256
0.607598315852
-0.766549967642
0.207907271834
0.476776329131
-0.859805826977
0.182806651622
0.558941436794
-0.822076393251
0.108512091005
0.671635628874
-0.646717338399
0.361472358889
0.734515512082
-0.553198866064
0.393011421077
0.654242518805
-0.594505320834
0.467472084822
0.564795722903
-0.628421628435
0.534875731647
-0.433203212559
-0.586997006252
-0.683936759708
-0.393044687354
-0.511685994790
-0.763998243767
-0.497109004039
-0.493570411055
-0.713632179371
-0.345123137863
-0.430901005258
-0.833795144733
-0.452292437129
-0.414146240526
-0.789882549987
-0.285776101723
-0.749019600918
-0.597747151498
-0.276815081399
-0.521996816729
-0.806779235005
-0.322728886780
-0.599683589778
-0.732274305018
-0.252094646256
-0.681357183077
-0.687168595324
-0.207907271834
-0.607598315852
-0.766549967642
-0.182806651622
-0.476776329131
-0.859805826977
-0.108512091005
-0.558941436794
-0.822076393251
-0.361472358889
-0.671635628874
-0.646717338399
-0.393011421077
-0.734515512082
-0.553198866064
-0.467472084822
-0.654242518805
-0.594505320834
-0.534875731647
-0.564795722903
-0.628421628435
0.433203212559
0.586997006252
-0.683936759708
0.393044687354
0.511685994790
-0.763998243767
0.497109004039
0.493570411055
-0.713632179371
0.345123137863
0.430901005258
-0.833795144733
0.452292437129
0.414146240526
-0.789882549987
0.285776101723
0.749019600918
-0.597747151498
0.276815081399
0.521996816729
-0.806779235005
0.322728886780
0.599683589778
-0.732274305018
0.252094646256
0.681357183077
-0.687168595324
0.207907271834
0.607598315852
-0.766549967642
0.182806651622
0.476776329131
-0.859805826977
0.108512091005
0.558941436794
-0.822076393251
0.361472358889
0.671635628874
-0.646717338399
0.393011421077
0.734515512082
-0.553198866064
0.467472084822
0.654242518805
-0.594505320834
0.534875731647
0.564795722903
-0.628421628435
-0.683936759708
-0.433203212559
-0.586997006252
-0.763998243767
-0.393044687354
-0.511685994790
-0.713632179371
-0.497109004039
-0.493570411055
-0.833795144733
-0.345123137863
-0.430901005258
-0.789882549987
-0.452292437129
-0.414146240526
-0.597747151498
-0.285776101723
-0.749019600918
-0.806779235005
-0.276815081399
-0.521996816729
-0.732274305018
-0.322728886780
-0.599683589778
-0.687168595324
-0.252094646256
-0.681357183077
-0.766549967642
-0.207907271834
-0.607598315852
-0.859805826977
-0.182806651622
-0.476776329131
-0.822076393251
-0.108512091005
-0.558941436794
-0.646717338399
-0.361472358889
-0.671635628874
-0.553198866064
-0.393011421077
-0.734515512082
-0.594505320834
-0.467472084822
-0.654242518805
-0.628421628435
-0.534875731647
-0.564795722903
-0.855315345932
0.518106905981
0.000944980847
-0.809911270010
0.579684887376
0.089493944256
-0.869479309010
0.481307703761
0.111124369526
-0.752317855861
0.635148606503
0.174940250971
-0.817072519834
0.540860414414
0.199655977752
-0.790421551492
0.572159338843
-0.218786338495
-0.734255007841
0.675596458507
0.066625886211
-0.787220153664
0.616370334402
-0.019288352278
-0.756974218506
0.640434697300
-0.129743712803
-0.708876641133
0.703956520295
-0.044035499206
-0.651976464811
0.751526188293
0.100673122742
-0.621294420305
0.783540130141
-0.007622844386
-0.828101743897
0.550015961227
-0.108304866694
-0.856158525558
0.478019349241
-0.196188890778
-0.889026367803
0.449400922144
-0.087583837134
-0.909314381052
0.415497387941
0.022567166996
0.000944980847
0.855315345932
-0.518106905981
0.089493944256
0.809911270010
-0.579684887376
0.111124369526
0.869479309010
-0.481307703761
0.174940250971
0.752317855861
-0.635148606503
0.199655977752
0.817072519834
-0.540860414414
-0.218786338495
0.790421551492
-0.572159338843
0.066625886211
0.734255007841
-0.675596458507
-0.019288352278
0.787220153664
-0.616370334402
-0.129743712803
0.756974218506
-0.640434697300
-0.044035499206
0.708876641133
-0.703956520295
0.100673122742
0.651976464811
-0.751526188293
-0.007622844386
0.621294420305
-0.783540130141
-0.108304866694
0.828101743897
-0.550015961227
-0.196188890778
0.856158525558
-0.478019349241
-0.087583837134
0.889026367803
-0.449400922144
0.022567166996
0.909314381052
-0.415497387941
0.432619182277
-0.588526017382
-0.682991778861
0.337734388017
-0.656490238383
-0.674504299511
0.428430366693
-0.673373417927
-0.602507809845
0.237004116762
-0.713960277330
-0.658854893761
0.328898256821
-0.737196398586
-0.590226572235
0.420993495187
-0.395015868959
-0.816533489993
0.235638019190
-0.629799765149
-0.740153348794
0.334649744075
-0.568474380204
-0.751562657296
0.332280670594
-0.471427445935
-0.816912308126
0.235122707054
-0.536347381425
-0.810585466848
0.120587240014
-0.639668863481
-0.759132704235
0.113223267927
-0.546607415487
-0.829699237636
0.428408447653
-0.496394673417
-0.755022205093
0.514262823793
-0.417075218588
-0.749387756842
0.521601873035
-0.512528893458
-0.682089157967
0.520928455414
-0.601310166133
-0.605854461439
-0.951310118540
-0.266789328550
-0.154377823975
-0.972729574731
-0.153421031626
-0.173951606773
-0.978416707800
-0.196105891083
-0.065140044362
-0.980271744365
-0.038357578532
-0.193896888496
-0.993152851543
-0.079876121248
-0.085247983704
-0.857935440567
-0.395405682532
-0.328026105731
-0.952411539906
-0.104455242692
-0.286358797539
-0.939099221182
-0.218745773460
-0.265033845703
-0.892529343556
-0.285546772571
-0.349076512482
-0.911863792129
-0.172529259707
-0.372475608798
-0.934332839915
-0.012307601330
-0.356189089117
-0.892052221147
-0.074687004817
-0.445718168868
-0.911488320116
-0.331707070481
-0.243227181221
-0.871030770318
-0.439083306970
-0.220252688289
-0.916873006965
-0.376497474345
-0.132640645770
-0.950373119588
-0.308004214919
-0.043867267490
-0.432619182277
0.588526017382
-0.682991778861
-0.337734388017
0.656490238383
-0.674504299511
-0.428430366693
0.673373417927
-0.602507809845
-0.237004116762
0.713960277330
-0.658854893761
-0.328898256821
0.737196398586
-0.590226572235
-0.420993495187
0.395015868959
-0.816533489993
-0.235638019190
0.629799765149
-0.740153348794
-0.334649744075
0.568474380204
-0.751562657296
-0.332280670594
0.471427445935
-0.816912308126
-0.235122707054
0.536347381425
-0.810585466848
-0.120587240014
0.639668863481
-0.759132704235
-0.113223267927
0.546607415487
-0.829699237636
-0.428408447653
0.496394673417
-0.755022205093
-0.514262823793
0.417075218588
-0.749387756842
-0.521601873035
0.512528893458
-0.682089157967
-0.520928455414
0.601310166133
-0.605854461439
0.951310118540
0.266789328550
-0.154377823975
0.972729574731
0.153421031626
-0.173951606773
0.978416707800
0.196105891083
-0.065140044362
0.980271744365
0.038357578532
-0.193896888496
0.993152851543
0.079876121248
-0.085247983704
0.857935440567
0.395405682532
-0.328026105731
0.952411539906
0.104455242692
-0.286358797539
0.939099221182
0.218745773460
-0.265033845703
0.892529343556
0.285546772571
-0.349076512482
0.911863792129
0.172529259707
-0.372475608798
0.934332839915
0.012307601330
-0.356189089117
0.892052221147
0.074687004817
-0.445718168868
0.911488320116
0.331707070481
-0.243227181221
0.871030770318
0.439083306970
-0.220252688289
0.916873006965
0.376497474345
-0.132640645770
0.950373119588
0.308004214919
-0.043867267490
-0.000944980847
-0.855315345932
-0.518106905981
-0.089493944256
-0.809911270010
-0.579684887376
-0.111124369526
-0.869479309010
-0.481307703761
-0.174940250971
-0.752317855861
-0.635148606503
-0.199655977752
-0.817072519834
-0.540860414414
0.218786338495
-0.790421551492
-0.572159338843
-0.066625886211
-0.734255007841
-0.675596458507
0.019288352278
-0.787220153664
-0.616370334402
0.129743712803
-0.756974218506
-0.640434697300
0.044035499206
-0.708876641133
-0.703956520295
-0.100673122742
-0.651976464811
-0.751526188293
0.007622844386
-0.621294420305
-0.783540130141
0.108304866694
-0.828101743897
-0.550015961227
0.196188890778
-0.856158525558
-0.478019349241
0.087583837134
-0.889026367803
-0.449400922144
-0.022567166996
-0.909314381052
-0.415497387941
0.683936759708
0.433203212559
-0.586997006252
0.763998243767
0.393044687354
-0.511685994790
0.713632179371
0.497109004039
-0.493570411055
0.833795144733
0.345123137863
-0.430901005258
0.789882549987
0.452292437129
-0.414146240526
0.597747151498
0.285776101723
-0.749019600918
0.806779235005
0.276815081399
-0.521996816729
0.732274305018
0.322728886780
-0.599683589778
0.687168595324
0.252094646256
-0.681357183077
0.766549967642
0.207907271834
-0.607598315852
0.859805826977
0.182806651622
-0.476776329131
0.822076393251
0.108512091005
-0.558941436794
0.646717338399
0.361472358889
-0.671635628874
0.553198866064
0.393011421077
-0.734515512082
0.594505320834
0.467472084822
-0.654242518805
0.628421628435
0.534875731647
-0.564795722903
-0.950726088258
0.268318339679
-0.155322804823
-0.917419275393
0.298225275220
-0.263445551029
-0.909738070455
0.375908897956
-0.176264413888
-0.872152723265
0.321416850604
-0.368837139467
-0.869758671235
0.402926279308
-0.284903961456
-0.993152834031
0.041401950574
-0.109239767236
-0.911234477697
0.212258191112
-0.352984683750
-0.951020078477
0.187536563887
-0.245745493424
-0.972715367894
0.075617035429
-0.219332799680
-0.939079227350
0.101278325281
-0.328440109592
-0.872113428307
0.175200135680
-0.456862211859
-0.896763398068
0.062352983510
-0.438095324482
-0.978424408880
0.156466115023
-0.134922314527
-0.992282173034
0.121643013477
-0.024063797511
-0.971002795179
0.234783848998
-0.045056808637
-0.936425843354
0.344518658149
-0.066434434486
0.268318339679
-0.155322804823
-0.950726088258
0.298225275220
-0.263445551029
-0.917419275393
0.375908897956
-0.176264413888
-0.909738070455
0.321416850604
-0.368837139467
-0.872152723265
0.402926279308
-0.284903961456
-0.869758671235
0.041401950574
-0.109239767236
-0.993152834031
0.212258191112
-0.352984683750
-0.911234477697
0.187536563887
-0.245745493424
-0.951020078477
0.075617035429
-0.219332799680
-0.972715367894
0.101278325281
-0.328440109592
-0.939079227350
0.175200135680
-0.456862211859
-0.872113428307
0.062352983510
-0.438095324482
-0.896763398068
0.156466115023
-0.134922314527
-0.978424408880
0.121643013477
-0.024063797511
-0.992282173034
0.234783848998
-0.045056808637
-0.971002795179
0.344518658149
-0.066434434486
-0.936425843354
0.588526017382
-0.682991778861
-0.432619182277
0.656490238383
-0.674504299511
-0.337734388017
0.673373417927
-0.602507809845
-0.428430366693
0.713960277330
-0.658854893761
-0.237004116762
0.737196398586
-0.590226572235
-0.328898256821
0.395015868959
-0.816533489993
-0.420993495187
0.629799765149
-0.740153348794
-0.235638019190
0.568474380204
-0.751562657296
-0.334649744075
0.471427445935
-0.816912308126
-0.332280670594
0.536347381425
-0.810585466848
-0.235122707054
0.639668863481
-0.759132704235
-0.120587240014
0.546607415487
-0.829699237636
-0.113223267927
0.496394673417
-0.755022205093
-0.428408447653
0.417075218588
-0.749387756842
-0.514262823793
0.512528893458
-0.682089157967
-0.521601873035
0.601310166133
-0.605854461439
-0.520928455414
-0.588526017382
-0.682991778861
0.432619182277
-0.656490238383
-0.674504299511
0.337734388017
-0.673373417927
-0.602507809845
0.428430366693
-0.713960277330
-0.658854893761
0.237004116762
-0.737196398586
-0.590226572235
0.328898256821
-0.395015868959
-0.816533489993
0.420993495187
-0.629799765149
-0.740153348794
0.235638019190
-0.568474380204
-0.751562657296
0.334649744075
-0.471427445935
-0.816912308126
0.332280670594
-0.536347381425
-0.810585466848
0.235122707054
-0.639668863481
-0.759132704235
0.120587240014
-0.546607415487
-0.829699237636
0.113223267927
-0.496394673417
-0.755022205093
0.428408447653
-0.417075218588
-0.749387756842
0.514262823793
-0.512528893458
-0.682089157967
0.521601873035
-0.601310166133
-0.605854461439
0.520928455414
-0.155322804823
-0.950726088258
0.268318339679
-0.263445551029
-0.917419275393
0.298225275220
-0.176264413888
-0.909738070455
0.375908897956
-0.368837139467
-0.872152723265
0.321416850604
-0.284903961456
-0.869758671235
0.402926279308
-0.109239767236
-0.993152834031
0.041401950574
-0.352984683750
-0.911234477697
0.212258191112
-0.245745493424
-0.951020078477
0.187536563887
-0.219332799680
-0.972715367894
0.075617035429
-0.328440109592
-0.939079227350
0.101278325281
-0.456862211859
-0.872113428307
0.175200135680
-0.438095324482
-0.896763398068
0.062352983510
-0.134922314527
-0.978424408880
0.156466115023
-0.024063797511
-0.992282173034
0.121643013477
-0.045056808637
-0.971002795179
0.234783848998
-0.066434434486
-0.936425843354
0.344518658149
0.155322804823
0.950726088258
0.268318339679
0.263445551029
0.917419275393
0.298225275220
0.176264413888
0.909738070455
0.375908897956
0.368837139467
0.872152723265
0.321416850604
0.284903961456
0.869758671235
0.402926279308
0.109239767236
0.993152834031
0.041401950574
0.352984683750
0.911234477697
0.212258191112
0.245745493424
0.951020078477
0.187536563887
0.219332799680
0.972715367894
0.075617035429
0.328440109592
0.939079227350
0.101278325281
0.456862211859
0.872113428307
0.175200135680
0.438095324482
0.896763398068
0.062352983510
0.134922314527
0.978424408880
0.156466115023
0.024063797511
0.992282173034
0.121643013477
0.045056808637
0.971002795179
0.234783848998
0.066434434486
0.936425843354
0.344518658149
-0.266789328550
-0.154377823975
-0.951310118540
-0.153421031626
-0.173951606773
-0.972729574731
-0.196105891083
-0.065140044362
-0.978416707800
-0.038357578532
-0.193896888496
-0.980271744365
-0.079876121248
-0.085247983704
-0.993152851543
-0.395405682532
-0.328026105731
-0.857935440567
-0.104455242692
-0.286358797539
-0.952411539906
-0.218745773460
-0.265033845703
-0.939099221182
-0.285546772571
-0.349076512482
-0.892529343556
-0.172529259707
-0.372475608798
-0.911863792129
-0.012307601330
-0.356189089117
-0.934332839915
-0.074687004817
-0.445718168868
-0.892052221147
-0.331707070481
-0.243227181221
-0.911488320116
-0.439083306970
-0.220252688289
-0.871030770318
-0.376497474345
-0.132640645770
-0.916873006965
-0.308004214919
-0.043867267490
-0.950373119588
0.855315345932
-0.518106905981
0.000944980847
0.809911270010
-0.579684887376
0.089493944256
0.869479309010
-0.481307703761
0.111124369526
0.752317855861
-0.635148606503
0.174940250971
0.817072519834
-0.540860414414
0.199655977752
0.790421551492
-0.572159338843
-0.218786338495
0.734255007841
-0.675596458507
0.066625886211
0.787220153664
-0.616370334402
-0.019288352278
0.756974218506
-0.640434697300
-0.129743712803
0.708876641133
-0.703956520295
-0.044035499206
0.651976464811
-0.751526188293
0.100673122742
0.621294420305
-0.783540130141
-0.007622844386
0.828101743897
-0.550015961227
-0.108304866694
0.856158525558
-0.478019349241
-0.196188890778
0.889026367803
-0.449400922144
-0.087583837134
0.909314381052
-0.415497387941
0.022567166996
