392
0.672650997294
0.680597922350
0.290391294518
0.556973319268
0.709845447768
0.431161410503
0.604351547799
0.782044874497
0.152200594435
0.493767641418
0.817836088797
0.295529437028
0.696134695477
0.570109871939
0.436315504734
0.379157331544
0.813969341319
0.440106384103
0.525731112119
0.850650808352
0.000000000000
0.000000000000
0.525731112119
-0.850650808352
-0.525731112119
0.850650808352
0.000000000000
0.000000000000
0.525731112119
0.850650808352
0.850650808352
0.000000000000
0.525731112119
-0.850650808352
0.000000000000
0.525731112119
0.000000000000
-0.525731112119
0.850650808352
-0.850650808352
0.000000000000
-0.525731112119
-0.525731112119
-0.850650808352
0.000000000000
0.850650808352
0.000000000000
-0.525731112119
0.525731112119
-0.850650808352
0.000000000000
0.000000000000
-0.525731112119
-0.850650808352
0.577350269190
0.577350269190
0.577350269190
0.356822089773
0.000000000000
-0.934172358963
-0.577350269190
0.577350269190
-0.577350269190
-0.356822089773
0.000000000000
0.934172358963
0.934172358963
0.356822089773
0.000000000000
0.000000000000
0.934172358963
-0.356822089773
-0.577350269190
0.577350269190
0.577350269190
0.577350269190
-0.577350269190
0.577350269190
-0.934172358963
-0.356822089773
0.000000000000
0.577350269190
0.577350269190
-0.577350269190
0.000000000000
0.934172358963
0.356822089773
-0.577350269190
-0.577350269190
0.577350269190
0.934172358963
-0.356822089773
0.000000000000
0.356822089773
0.000000000000
0.934172358963
-0.356822089773
0.000000000000
-0.934172358963
0.000000000000
-0.934172358963
-0.356822089773
0.577350269190
-0.577350269190
-0.577350269190
0.000000000000
-0.934172358963
0.356822089773
-0.934172358963
0.356822089773
0.000000000000
-0.577350269190
-0.577350269190
-0.577350269190
0.108922317979
0.197559048811
-0.974220894294
0.289684555522
0.186582104305
-0.938759807749
0.062622250135
0.369832397768
-0.926985680229
0.244929766236
0.361295983465
-0.899708075958
0.181092949590
0.027953371416
-0.983068640856
0.418005237668
0.321295778987
-0.849729747442
-0.672650997294
0.680597922350
-0.290391294518
-0.556973319268
0.709845447768
-0.431161410503
-0.604351547799
0.782044874497
-0.152200594435
-0.493767641418
0.817836088797
-0.295529437028
-0.696134695477
0.570109871939
-0.436315504734
-0.379157331544
0.813969341319
-0.440106384103
-0.108922317979
0.197559048811
0.974220894294
-0.289684555522
0.186582104305
0.938759807749
-0.062622250135
0.369832397768
0.926985680229
-0.244929766236
0.361295983465
0.899708075958
-0.181092949590
0.027953371416
0.983068640856
-0.418005237668
0.321295778987
0.849729747442
0.781573315273
0.613280227705
-0.114151281894
0.846657874789
0.530810546440
0.037558046347
0.666973797934
0.743342195461
-0.050875665264
0.738697407654
0.666461168406
0.100775249599
0.877227645067
0.458188273969
-0.143300957173
0.797162569212
0.555627896965
0.236240297919
-0.311710330705
0.903671522224
-0.293622971944
-0.149024057958
0.961971956943
-0.228914359981
-0.420708063031
0.895542789896
-0.144940805732
-0.260520733866
0.961990605434
-0.081871987161
-0.171254328590
0.894503778703
-0.412958768917
-0.085055481068
0.995734281068
-0.035760406122
-0.360940666589
0.487950343330
0.794749204244
-0.407949261309
0.617743514808
0.672287401421
-0.183643484768
0.522032992202
0.832920539760
-0.233246907552
0.656825420493
0.717060839198
-0.524880366887
0.464268876150
0.713410829112
-0.294101850476
0.761402163090
0.577729043400
0.794749204244
-0.360940666589
0.487950343330
0.672287401421
-0.407949261309
0.617743514808
0.832920539760
-0.183643484768
0.522032992202
0.717060839198
-0.233246907552
0.656825420493
0.713410829112
-0.524880366887
0.464268876150
0.577729043400
-0.294101850476
0.761402163090
-0.903671522224
-0.293622971944
0.311710330705
-0.961971956943
-0.228914359981
0.149024057958
-0.895542789896
-0.144940805732
0.420708063031
-0.961990605434
-0.081871987161
0.260520733866
-0.894503778703
-0.412958768917
0.171254328590
-0.995734281068
-0.035760406122
0.085055481068
0.487950343330
0.794749204244
-0.360940666589
0.617743514808
0.672287401421
-0.407949261309
0.522032992202
0.832920539760
-0.183643484768
0.656825420493
0.717060839198
-0.233246907552
0.464268876150
0.713410829112
-0.524880366887
0.761402163090
0.577729043400
-0.294101850476
-0.114151281894
0.781573315273
0.613280227705
0.037558046347
0.846657874789
0.530810546440
-0.050875665264
0.666973797934
0.743342195461
0.100775249599
0.738697407654
0.666461168406
-0.143300957173
0.877227645067
0.458188273969
0.236240297919
0.797162569212
0.555627896965
-0.290391294518
-0.672650997294
0.680597922350
-0.431161410503
-0.556973319268
0.709845447768
-0.152200594435
-0.604351547799
0.782044874497
-0.295529437028
-0.493767641418
0.817836088797
-0.436315504734
-0.696134695477
0.570109871939
-0.440106384103
-0.379157331544
0.813969341319
0.974220894294
-0.108922317979
0.197559048811
0.938759807749
-0.289684555522
0.186582104305
0.926985680229
-0.062622250135
0.369832397768
0.899708075958
-0.244929766236
0.361295983465
0.983068640856
-0.181092949590
0.027953371416
0.849729747442
-0.418005237668
0.321295778987
0.290391294518
0.672650997294
0.680597922350
0.431161410503
0.556973319268
0.709845447768
0.152200594435
0.604351547799
0.782044874497
0.295529437028
0.493767641418
0.817836088797
0.436315504734
0.696134695477
0.570109871939
0.440106384103
0.379157331544
0.813969341319
-0.293622971944
-0.311710330705
0.903671522224
-0.228914359981
-0.149024057958
0.961971956943
-0.144940805732
-0.420708063031
0.895542789896
-0.081871987161
-0.260520733866
0.961990605434
-0.412958768917
-0.171254328590
0.894503778703
-0.035760406122
-0.085055481068
0.995734281068
0.293622971944
0.311710330705
0.903671522224
0.228914359981
0.149024057958
0.961971956943
0.144940805732
0.420708063031
0.895542789896
0.081871987161
0.260520733866
0.961990605434
0.412958768917
0.171254328590
0.894503778703
0.035760406122
0.085055481068
0.995734281068
-0.197559048811
0.974220894294
0.108922317979
-0.186582104305
0.938759807749
0.289684555522
-0.369832397768
0.926985680229
0.062622250135
-0.361295983465
0.899708075958
0.244929766236
-0.027953371416
0.983068640856
0.181092949590
-0.321295778987
0.849729747442
0.418005237668
-0.613280227705
-0.114151281894
-0.781573315273
-0.530810546440
0.037558046347
-0.846657874789
-0.743342195461
-0.050875665264
-0.666973797934
-0.666461168406
0.100775249599
-0.738697407654
-0.458188273969
-0.143300957173
-0.877227645067
-0.555627896965
0.236240297919
-0.797162569212
-0.680597922350
-0.290391294518
0.672650997294
-0.709845447768
-0.431161410503
0.556973319268
-0.782044874497
-0.152200594435
0.604351547799
-0.817836088797
-0.295529437028
0.493767641418
-0.570109871939
-0.436315504734
0.696134695477
-0.813969341319
-0.440106384103
0.379157331544
-0.487950343330
0.794749204244
0.360940666589
-0.617743514808
0.672287401421
0.407949261309
-0.522032992202
0.832920539760
0.183643484768
-0.656825420493
0.717060839198
0.233246907552
-0.464268876150
0.713410829112
0.524880366887
-0.761402163090
0.577729043400
0.294101850476
-0.680597922350
0.290391294518
-0.672650997294
-0.709845447768
0.431161410503
-0.556973319268
-0.782044874497
0.152200594435
-0.604351547799
-0.817836088797
0.295529437028
-0.493767641418
-0.570109871939
0.436315504734
-0.696134695477
-0.813969341319
0.440106384103
-0.379157331544
-0.197559048811
-0.974220894294
-0.108922317979
-0.186582104305
-0.938759807749
-0.289684555522
-0.369832397768
-0.926985680229
-0.062622250135
-0.361295983465
-0.899708075958
-0.244929766236
-0.027953371416
-0.983068640856
-0.181092949590
-0.321295778987
-0.849729747442
-0.418005237668
0.613280227705
-0.114151281894
0.781573315273
0.530810546440
0.037558046347
0.846657874789
0.743342195461
-0.050875665264
0.666973797934
0.666461168406
0.100775249599
0.738697407654
0.458188273969
-0.143300957173
0.877227645067
0.555627896965
0.236240297919
0.797162569212
0.680597922350
-0.290391294518
-0.672650997294
0.709845447768
-0.431161410503
-0.556973319268
0.782044874497
-0.152200594435
-0.604351547799
0.817836088797
-0.295529437028
-0.493767641418
0.570109871939
-0.436315504734
-0.696134695477
0.813969341319
-0.440106384103
-0.379157331544
0.197559048811
0.974220894294
-0.108922317979
0.186582104305
0.938759807749
-0.289684555522
0.369832397768
0.926985680229
-0.062622250135
0.361295983465
0.899708075958
-0.244929766236
0.027953371416
0.983068640856
-0.181092949590
0.321295778987
0.849729747442
-0.418005237668
0.680597922350
0.290391294518
0.672650997294
0.709845447768
0.431161410503
0.556973319268
0.782044874497
0.152200594435
0.604351547799
0.817836088797
0.295529437028
0.493767641418
0.570109871939
0.436315504734
0.696134695477
0.813969341319
0.440106384103
0.379157331544
0.903671522224
-0.293622971944
-0.311710330705
0.961971956943
-0.228914359981
-0.149024057958
0.895542789896
-0.144940805732
-0.420708063031
0.961990605434
-0.081871987161
-0.260520733866
0.894503778703
-0.412958768917
-0.171254328590
0.995734281068
-0.035760406122
-0.085055481068
-0.293622971944
0.311710330705
-0.903671522224
-0.228914359981
0.149024057958
-0.961971956943
-0.144940805732
0.420708063031
-0.895542789896
-0.081871987161
0.260520733866
-0.961990605434
-0.412958768917
0.171254328590
-0.894503778703
-0.035760406122
0.085055481068
-0.995734281068
0.197559048811
-0.974220894294
0.108922317979
0.186582104305
-0.938759807749
0.289684555522
0.369832397768
-0.926985680229
0.062622250135
0.361295983465
-0.899708075958
0.244929766236
0.027953371416
-0.983068640856
0.181092949590
0.321295778987
-0.849729747442
0.418005237668
-0.974220894294
0.108922317979
0.197559048811
-0.938759807749
0.289684555522
0.186582104305
-0.926985680229
0.062622250135
0.369832397768
-0.899708075958
0.244929766236
0.361295983465
-0.983068640856
0.181092949590
0.027953371416
-0.849729747442
0.418005237668
0.321295778987
0.114151281894
-0.781573315273
0.613280227705
-0.037558046347
-0.846657874789
0.530810546440
0.050875665264
-0.666973797934
0.743342195461
-0.100775249599
-0.738697407654
0.666461168406
0.143300957173
-0.877227645067
0.458188273969
-0.236240297919
-0.797162569212
0.555627896965
-0.794749204244
0.360940666589
0.487950343330
-0.672287401421
0.407949261309
0.617743514808
-0.832920539760
0.183643484768
0.522032992202
-0.717060839198
0.233246907552
0.656825420493
-0.713410829112
0.524880366887
0.464268876150
-0.577729043400
0.294101850476
0.761402163090
-0.487950343330
-0.794749204244
-0.360940666589
-0.617743514808
-0.672287401421
-0.407949261309
-0.522032992202
-0.832920539760
-0.183643484768
-0.656825420493
-0.717060839198
-0.233246907552
-0.464268876150
-0.713410829112
-0.524880366887
-0.761402163090
-0.577729043400
-0.294101850476
0.360940666589
-0.487950343330
0.794749204244
0.407949261309
-0.617743514808
0.672287401421
0.183643484768
-0.522032992202
0.832920539760
0.233246907552
-0.656825420493
0.717060839198
0.524880366887
-0.464268876150
0.713410829112
0.294101850476
-0.761402163090
0.577729043400
-0.613280227705
0.114151281894
0.781573315273
-0.530810546440
-0.037558046347
0.846657874789
-0.743342195461
0.050875665264
0.666973797934
-0.666461168406
-0.100775249599
0.738697407654
-0.458188273969
0.143300957173
0.877227645067
-0.555627896965
-0.236240297919
0.797162569212
0.311710330705
-0.903671522224
-0.293622971944
0.149024057958
-0.961971956943
-0.228914359981
0.420708063031
-0.895542789896
-0.144940805732
0.260520733866
-0.961990605434
-0.081871987161
0.171254328590
-0.894503778703
-0.412958768917
0.085055481068
-0.995734281068
-0.035760406122
0.903671522224
0.293622971944
0.311710330705
0.961971956943
0.228914359981
0.149024057958
0.895542789896
0.144940805732
0.420708063031
0.961990605434
0.081871987161
0.260520733866
0.894503778703
0.412958768917
0.171254328590
0.995734281068
0.035760406122
0.085055481068
0.108922317979
-0.197559048811
0.974220894294
0.289684555522
-0.186582104305
0.938759807749
0.062622250135
-0.369832397768
0.926985680229
0.244929766236
-0.361295983465
0.899708075958
0.181092949590
-0.027953371416
0.983068640856
0.418005237668
-0.321295778987
0.849729747442
0.613280227705
0.114151281894
-0.781573315273
0.530810546440
-0.037558046347
-0.846657874789
0.743342195461
0.050875665264
-0.666973797934
0.666461168406
-0.100775249599
-0.738697407654
0.458188273969
0.143300957173
-0.877227645067
0.555627896965
-0.236240297919
-0.797162569212
-0.781573315273
-0.613280227705
-0.114151281894
-0.846657874789
-0.530810546440
0.037558046347
-0.666973797934
-0.743342195461
-0.050875665264
-0.738697407654
-0.666461168406
0.100775249599
-0.877227645067
-0.458188273969
-0.143300957173
-0.797162569212
-0.555627896965
0.236240297919
0.487950343330
-0.794749204244
0.360940666589
0.617743514808
-0.672287401421
0.407949261309
0.522032992202
-0.832920539760
0.183643484768
0.656825420493
-0.717060839198
0.233246907552
0.464268876150
-0.713410829112
0.524880366887
0.761402163090
-0.577729043400
0.294101850476
-0.360940666589
-0.487950343330
-0.794749204244
-0.407949261309
-0.617743514808
-0.672287401421
-0.183643484768
-0.522032992202
-0.832920539760
-0.233246907552
-0.656825420493
-0.717060839198
-0.524880366887
-0.464268876150
-0.713410829112
-0.294101850476
-0.761402163090
-0.577729043400
0.360940666589
0.487950343330
-0.794749204244
0.407949261309
0.617743514808
-0.672287401421
0.183643484768
0.522032992202
-0.832920539760
0.233246907552
0.656825420493
-0.717060839198
0.524880366887
0.464268876150
-0.713410829112
0.294101850476
0.761402163090
-0.577729043400
-0.794749204244
-0.360940666589
-0.487950343330
-0.672287401421
-0.407949261309
-0.617743514808
-0.832920539760
-0.183643484768
-0.522032992202
-0.717060839198
-0.233246907552
-0.656825420493
-0.713410829112
-0.524880366887
-0.464268876150
-0.577729043400
-0.294101850476
-0.761402163090
-0.781573315273
0.613280227705
0.114151281894
-0.846657874789
0.530810546440
-0.037558046347
-0.666973797934
0.743342195461
0.050875665264
-0.738697407654
0.666461168406
-0.100775249599
-0.877227645067
0.458188273969
0.143300957173
-0.797162569212
0.555627896965
-0.236240297919
0.114151281894
0.781573315273
-0.613280227705
-0.037558046347
0.846657874789
-0.530810546440
0.050875665264
0.666973797934
-0.743342195461
-0.100775249599
0.738697407654
-0.666461168406
0.143300957173
0.877227645067
-0.458188273969
-0.236240297919
0.797162569212
-0.555627896965
0.290391294518
-0.672650997294
-0.680597922350
0.431161410503
-0.556973319268
-0.709845447768
0.152200594435
-0.604351547799
-0.782044874497
0.295529437028
-0.493767641418
-0.817836088797
0.436315504734
-0.696134695477
-0.570109871939
0.440106384103
-0.379157331544
-0.813969341319
-0.974220894294
-0.108922317979
-0.197559048811
-0.938759807749
-0.289684555522
-0.186582104305
-0.926985680229
-0.062622250135
-0.369832397768
-0.899708075958
-0.244929766236
-0.361295983465
-0.983068640856
-0.181092949590
-0.027953371416
-0.849729747442
-0.418005237668
-0.321295778987
-0.290391294518
0.672650997294
-0.680597922350
-0.431161410503
0.556973319268
-0.709845447768
-0.152200594435
0.604351547799
-0.782044874497
-0.295529437028
0.493767641418
-0.817836088797
-0.436315504734
0.696134695477
-0.570109871939
-0.440106384103
0.379157331544
-0.813969341319
0.974220894294
0.108922317979
-0.197559048811
0.938759807749
0.289684555522
-0.186582104305
0.926985680229
0.062622250135
-0.369832397768
0.899708075958
0.244929766236
-0.361295983465
0.983068640856
0.181092949590
-0.027953371416
0.849729747442
0.418005237668
-0.321295778987
-0.114151281894
-0.781573315273
-0.613280227705
0.037558046347
-0.846657874789
-0.530810546440
-0.050875665264
-0.666973797934
-0.743342195461
0.100775249599
-0.738697407654
-0.666461168406
-0.143300957173
-0.877227645067
-0.458188273969
0.236240297919
-0.797162569212
-0.555627896965
0.794749204244
0.360940666589
-0.487950343330
0.672287401421
0.407949261309
-0.617743514808
0.832920539760
0.183643484768
-0.522032992202
0.717060839198
0.233246907552
-0.656825420493
0.713410829112
0.524880366887
-0.464268876150
0.577729043400
0.294101850476
-0.761402163090
-0.903671522224
0.293622971944
-0.311710330705
-0.961971956943
0.228914359981
-0.149024057958
-0.895542789896
0.144940805732
-0.420708063031
-0.961990605434
0.081871987161
-0.260520733866
-0.894503778703
0.412958768917
-0.171254328590
-0.995734281068
0.035760406122
-0.085055481068
0.293622971944
-0.311710330705
-0.903671522224
0.228914359981
-0.149024057958
-0.961971956943
0.144940805732
-0.420708063031
-0.895542789896
0.081871987161
-0.260520733866
-0.961990605434
0.412958768917
-0.171254328590
-0.894503778703
0.035760406122
-0.085055481068
-0.995734281068
0.672650997294
-0.680597922350
-0.290391294518
0.556973319268
-0.709845447768
-0.431161410503
0.604351547799
-0.782044874497
-0.152200594435
0.493767641418
-0.817836088797
-0.295529437028
0.696134695477
-0.570109871939
-0.436315504734
0.379157331544
-0.813969341319
-0.440106384103
-0.672650997294
-0.680597922350
0.290391294518
-0.556973319268
-0.709845447768
0.431161410503
-0.604351547799
-0.782044874497
0.152200594435
-0.493767641418
-0.817836088797
0.295529437028
-0.696134695477
-0.570109871939
0.436315504734
-0.379157331544
-0.813969341319
0.440106384103
-0.311710330705
-0.903671522224
0.293622971944
-0.149024057958
-0.961971956943
0.228914359981
-0.420708063031
-0.895542789896
0.144940805732
-0.260520733866
-0.961990605434
0.081871987161
-0.171254328590
-0.894503778703
0.412958768917
-0.085055481068
-0.995734281068
0.035760406122
0.311710330705
0.903671522224
0.293622971944
0.149024057958
0.961971956943
0.228914359981
0.420708063031
0.895542789896
0.144940805732
0.260520733866
0.961990605434
0.081871987161
0.171254328590
0.894503778703
0.412958768917
0.085055481068
0.995734281068
0.035760406122
-0.108922317979
-0.197559048811
-0.974220894294
-0.289684555522
-0.186582104305
-0.938759807749
-0.062622250135
-0.369832397768
-0.926985680229
-0.244929766236
-0.361295983465
-0.899708075958
-0.181092949590
-0.027953371416
-0.983068640856
-0.418005237668
-0.321295778987
-0.849729747442
0.781573315273
-0.613280227705
0.114151281894
0.846657874789
-0.530810546440
-0.037558046347
0.666973797934
-0.743342195461
0.050875665264
0.738697407654
-0.666461168406
-0.100775249599
0.877227645067
-0.458188273969
0.143300957173
0.797162569212
-0.555627896965
-0.236240297919