100
0.208246
0.173538
-0.962558
0.574982
-0.0532012
0.816434
0.671919
-0.468262
0.573807
0.680112
-0.376316
0.629153
0.665894
0.638603
-0.385709
-0.797662
-0.597132
0.084668
-0.652207
-0.685691
0.323192
-0.668328
-0.742973
0.0364543
-0.208674
0.23527
0.949264
-0.821569
0.424168
-0.380928
-0.811392
-0.510617
0.284453
-0.27008
0.762578
0.58782
-0.615191
0.454069
-0.644485
0.806816
0.14589
0.572507
0.054419
-0.65076
0.757331
0.321575
0.195927
-0.926392
-0.758366
-0.430194
-0.489707
0.460636
-0.648207
0.606335
0.563258
-0.580551
-0.587963
0.763009
-0.505513
-0.402831
0.486925
-0.647852
0.585826
0.453427
0.648777
-0.611141
0.629001
-0.139381
0.764808
-0.197693
-0.823383
0.531938
0.0394013
-0.0459682
-0.998166
-0.421005
-0.752521
-0.506426
0.435881
0.159977
-0.885672
0.712198
0.475871
0.516062
0.358214
-0.88398
0.300438
0.887775
-0.362432
0.283722
0.702013
0.253321
-0.665588
-0.962269
-0.223495
-0.155205
0.637599
0.262208
-0.724372
0.624384
-0.495413
0.603913
-0.502303
0.366878
-0.783002
0.548707
-0.196101
-0.81269
0.417675
-0.0725436
0.905696
-0.0680087
0.967667
-0.242888
0.505995
-0.402989
0.762607
-0.798169
-0.16594
0.579129
-0.638651
-0.457184
-0.618957
0.0727653
-0.00856062
-0.997312
0.986322
0.119897
0.11311
0.37863
-0.0263395
0.925173
0.21466
-0.676894
0.704085
-0.00731633
-0.931613
-0.363378
-0.723426
0.0135642
-0.690269
-0.637332
-0.310156
0.705415
-0.541921
0.794938
-0.272755
-0.664116
-0.699264
0.264536
-0.635075
0.675168
0.375271
0.266513
0.654019
0.707976
0.645094
0.763415
-0.0324168
-0.780652
0.432551
0.451089
0.347371
-0.716452
-0.605004
-0.468025
-0.486347
-0.737848
0.638877
-0.574989
0.511101
-0.458226
-0.348611
0.817618
-0.911967
-0.287307
-0.292867
0.545091
-0.468508
-0.695253
-0.497971
-0.337733
0.798725
0.823786
-0.210542
0.526354
0.291587
-0.845256
-0.447795
0.644819
-0.652741
-0.397665
-0.862883
-0.110942
-0.493076
-0.0624022
0.777627
0.625622
-0.340122
0.608552
-0.716925
0.605389
-0.299392
-0.737474
-0.0275243
-0.866412
-0.49857
0.280313
-0.0672751
0.957548
0.646611
-0.464282
-0.605258
-0.290286
-0.89111
-0.348793
0.462414
-0.00955401
-0.886613
-0.0349388
-0.744349
0.666876
0.00979695
-0.614759
0.788654
0.709989
-0.676516
-0.195555
0.467602
0.218083
0.856615
0.170733
0.89956
0.402048
-0.0474502
0.951969
0.302495
-0.546658
0.701811
-0.456757
0.371967
-0.539178
-0.755598
-0.730777
-0.659751
0.175197
-0.753256
0.475638
0.454283
-0.0143175
-0.881817
-0.471375
-0.592839
-0.784639
-0.181339
0.0261313
-0.221111
-0.974898
-0.741082
-0.477072
0.47244
0.778878
-0.484635
0.398093
0.925769
-0.0447953
0.375427
0.429911
0.0726072
0.899947
0.489018
0.325438
-0.809291
-0.491394
0.612647
0.619028
-0.476945
-0.272239
-0.835709
-0.265996
0.26351
-0.927258
0.400599
-0.542974
-0.738038
-0.459728
-0.801576
-0.382264
0.286766
-0.376121
0.881078
-0.44463
-0.777566
0.44463
-0.806297
0.28709
-0.51717
-0.813875
0.267013
0.516053